34
39
20
29
18
33
19
34
28
26
37
11
21
11
22
15
36
33
32
6
3
3
21
20
26
27
23
31
20
31
15
9
21
10
32
16
8
33
20
29
12
35
17
20
35
31
8
17
19
4
22
39
24
30
16
25
22
8
9
31
12
30
11
37
25
35
22
20
36
27
19
15
12
29
24
1
30
21
22
5
26
25
35
35
20
19
35
16
31
14
19
17
3
2
33
19
35
24
8
33
35
17
34
16
35
23
21
15
11
28
21
18
12
21
11
32
35
10
12
29
15
15
37
10
32
3
22
24
14
22
18
20
16
10
35
10
7
34
24
2
4
5
37
17
1
33
25
20
13
37
29
14
2
22
10
25
2
7
9
8
13
20
12
23
13
4
13
20
24
16
7
23
7
36
3
3
7
19
5
23
5
5
36
29
15
4
33
30
33
24
2
10
28
21
13
19
1
16
15
37
19
4
13
10
8
15
26
24
2
36
37
7
8
29
17
20
18
30
29
20
1
9
31
23
25
37
35
32
38
27
38
7
1
36
30
25
33
20
20
27
38
15
6
26
16
19
19
21
13
18
8
33
32
32
25
34
2
14
38
21
14
13
34
9
17
27
14
17
17
20
4
10
35
22
16
23
7
34
16
18
27
2
9
36
9
27
12
22
29
22
30
33
16
20
5
27
39
14
35
35
38
24
24
10
32
13
1
25
2
38
2
1
32
7
11
11
36
25
4
3
2
8
33
16
33
5
11
35
22
37
21
14
26
2
4
8
38
12
31
4
10
30
31
35
38
24
34
5
35
9
15
7
1
27
6
36
16
16
23
5
22
11
36
17
34
23
37
38
9
17
38
15
29
10
1
38
14
34
8
6
28
25
10
17
18
36
30
21
28
11
10
25
20
23
38
38
33
15
25
19
3
3
16