10 16 22 21 15 13 18 23 4 9 5 24

8 22 2 23 10 16 3 24 11 19 20 9

9 3 5 18 21 8 22 23 19 11 4 7

18 12 21 20 24 14 16 19 5 2 8 4

17 4 22 20 21 19 18 3 15 8 10 14

23 24 15 17 3 21 20 11 13 7 4 5

17 15 14 18 22 12 2 24 13 21 5 20

14 21 7 12 16 22 1 10 5 13 19 2

1 11 6 20 8 23 4 21 22 24 15 2

8 19 12 2 6 17 22 7 20 15 13 10

18 13 12 21 16 11 17 1 10 7 14 8

7 8 21 3 5 11 14 15 1 16 9 23

9 16 21 13 7 14 20 23 12 5 19 18

11 15 18 8 6 13 16 3 7 23 2 20

15 23 18 7 9 8 17 2 4 1 16 20

2 8 11 13 14 19 1 9 12 23 18 20

21 22 3 17 14 15 6 5 24 10 19 7

20 7 10 14 6 11 8 9 22 19 13 5

2 11 15 20 6 8 7 16 18 14 12 10

21 4 15 7 14 16 6 9 13 23 8 3

9 10 19 24 6 20 21 1 18 2 17 5

2 4 15 8 11 19 22 17 20 21 14 9

17 18 1 4 21 13 24 5 10 16 14 8

10 19 7 14 11 22 3 17 6 4 12 5

10 15 6 22 24 3 8 17 19 4 23 2

7 17 24 8 4 5 9 15 12 10 16 6

11 2 8 4 7 5 24 17 18 22 6 13

4 23 18 22 21 6 9 14 16 20 8 5

18 2 9 8 11 5 16 12 3 10 20 15

17 12 20 1 4 6 2 23 14 24 15 22

3 9 19 4 14 16 6 12 18 23 21 15

14 21 16 19 23 4 9 24 8 22 15 12

4 5 17 13 18 8 7 12 22 11 15 1

19 10 23 5 11 21 3 6 18 12 16 17

18 16 23 10 22 20 13 14 19 9 17 8

19 15 8 13 2 14 3 5 7 11 18 16

12 22 23 4 21 14 19 18 6 3 5 24

19 10 9 12 20 5 8 22 23 11 18 17

6 15 22 10 18 21 7 5 19 13 16 17

8 5 6 21 18 10 4 9 16 20 15 13

1 21 19 2 16 3 20 6 24 13 12 10

9 10 16 22 19 23 1 18 2 6 20 12

17 5 22 7 20 9 11 4 14 8 1 19

6 10 5 23 11 20 15 12 8 7 24 18

10 6 24 7 15 14 4 9 11 20 19 22

4 1 9 5 10 8 7 12 19 17 11 24

16 23 21 20 8 17 5 3 4 22 11 9

17 5 15 10 9 4 20 6 23 14 8 2

7 10 22 8 12 17 13 14 11 3 18 24

10 22 16 11 2 4 13 5 24 8 19 12

24 9 19 1 6 7 4 15 3 16 11 5

17 16 20 7 24 1 10 18 5 9 3 12

3 8 11 19 13 16 14 12 23 17 7 10

15 7 13 12 3 17 16 8 22 24 11 23

2 13 24 3 15 17 11 23 8 1 22 7

1 17 15 24 12 2 22 5 23 10 14 6

6 8 2 21 15 19 1 4 22 12 5 24

8 20 13 6 2 24 19 4 14 18 9 17

4 10 19 15 11 8 22 18 3 1 21 6

7 16 22 23 18 24 9 6 20 3 8 11

1 24 20 12 19 11 22 10 21 17 23 16

5 6 12 1 8 11 19 17 22 15 20 4

23 6 21 10 7 24 5 11 13 4 9 1

2 22 14 21 4 17 16 11 24 12 23 19

13 15 6 20 1 2 11 16 3 4 10 7

13 15 11 7 8 2 4 20 18 10 19 24

20 8 9 12 10 17 6 19 2 14 15 5

12 4 21 17 2 24 13 23 20 14 22 9

13 16 15 11 3 21 9 22 17 1 7 18

2 14 24 18 11 1 9 6 7 16 19 20

1 9 6 17 4 14 5 13 12 7 21 16

4 24 22 14 13 2 21 23 15 6 11 9

17 13 15 6 2 11 14 1 20 19 16 22

16 24 22 21 9 1 2 15 12 20 6 7

9 15 23 13 19 6 10 11 5 14 12 1

4 10 14 6 13 21 12 16 22 9 3 7

18 2 3 12 16 14 13 5 9 17 6 8

1 8 15 16 22 18 19 4 20 7 5 9

5 3 23 7 20 22 15 9 16 2 4 17

18 7 9 11 20 12 15 13 23 22 6 8

7 10 23 6 8 15 24 2 18 12 5 22

15 9 17 16 7 13 8 1 19 10 21 14