15	17	22	23	25	33
23	29	44	19	24	45
38	7	3	45	26	4
31	26	44	37	40	27
16	17	12	21	23	35
17	42	32	33	4	38
28	12	21	18	45	42
23	30	24	8	4	26
26	22	34	20	39	19
29	27	22	33	28	31
43	30	28	34	37	3
10	17	36	40	19	37
45	33	15	27	32	9
7	21	23	8	15	39
17	40	23	7	36	20
36	44	21	33	28	43
43	33	7	34	31	11
3	24	16	11	10	17
27	17	45	26	14	5
42	31	45	35	29	41
16	32	17	24	9	14
11	8	39	16	19	13
35	45	26	30	16	23
16	42	14	11	17	8
44	1	45	13	25	35
4	11	24	44	23	30
6	38	44	3	30	19
44	40	11	13	10	32
37	8	13	9	25	14
26	16	39	41	15	13
38	5	30	13	22	16
13	36	11	9	18	10
35	25	31	45	32	22
32	4	1	7	28	12
29	8	5	12	20	24
27	13	26	21	16	11
24	40	36	11	44	37
45	4	44	2	42	32
18	38	42	31	17	44
26	10	24	35	21	13
15	32	43	13	29	7
16	10	6	34	9	20
30	43	19	10	42	22
25	16	27	33	35	36
4	15	5	36	9	1
14	41	38	37	19	5
39	40	25	24	12	1
9	37	27	36	8	34
8	22	21	45	1	34
22	37	11	12	8	44
38	30	29	33	36	40
22	37	5	32	17	1
39	5	22	30	21	20
14	5	9	21	25	15
34	15	43	5	28	36
27	8	31	22	4	7
4	21	1	34	45	19
15	2	30	41	31	35
15	24	19	27	23	43
36	1	11	13	24	40
31	28	6	26	19	34
39	41	17	4	37	10
10	11	41	38	1	14
18	27	28	31	4	26
3	11	16	15	38	18
36	28	14	21	29	32
29	17	15	21	28	24
22	24	14	27	35	20
31	26	29	4	21	44
13	3	4	6	44	37
6	30	36	37	11	14
21	18	29	40	43	23
34	32	16	8	40	11
25	38	22	6	14	19
36	31	11	42	3	32
17	8	45	10	25	23
15	42	38	24	14	19
20	10	26	19	39	15
5	36	9	16	26	18
39	2	25	36	11	12
45	40	36	16	1	11
35	18	19	29	32	21
10	24	40	32	17	39
21	45	25	26	18	6
28	17	43	36	3	33
20	35	11	26	18	2
25	40	3	35	45	10
18	14	34	25	20	31
38	44	12	10	23	14
32	39	28	3	23	43
13	21	2	12	18	45
29	8	6	37	14	39
38	11	32	18	30	3
30	33	21	10	44	39
31	12	44	5	34	1
9	5	36	33	31	43
6	2	24	28	18	37
9	10	26	8	15	19
40	1	38	35	29	27
41	34	42	10	17	25
6	34	19	15	43	3
24	26	10	45	39	33
37	36	1	14	24	40
29	34	43	24	21	16
23	20	15	28	41	36
14	25	18	3	6	36
10	20	23	31	6	30
20	26	3	2	4	34
43	6	3	8	34	25
11	7	2	31	3	16
15	1	39	5	14	34
39	34	27	19	45	4
4	16	18	28	22	32
10	45	37	35	25	17
13	23	14	4	42	20
43	34	32	28	21	41
22	35	21	5	13	1
22	16	12	26	36	45
27	11	10	12	5	24
14	5	33	32	13	17
3	36	39	4	1	20
26	11	23	45	30	1
26	12	11	19	2	30
10	19	1	16	29	20
41	17	8	21	11	39
26	45	37	13	43	35
12	9	14	6	5	38
17	25	37	9	3	10
9	34	35	19	37	14
43	18	31	27	3	28
28	2	17	33	11	43
39	19	18	42	24	8
25	41	27	39	3	43
9	31	26	27	43	3
21	31	9	1	17	20
29	11	8	9	25	1
33	5	14	26	4	18
30	18	40	4	32	38
26	2	7	28	38	32
8	27	12	1	7	28
33	23	20	45	40	37
5	34	15	16	42	40
7	35	2	26	37	21
11	7	44	18	3	25
19	18	29	9	27	45
43	3	27	12	7	45
3	44	15	5	13	19
37	4	17	6	11	23
43	10	45	34	8	3
4	39	44	38	12	29
9	14	11	30	16	34
41	44	21	35	19	28
39	6	23	45	4	25
21	10	7	15	20	17
8	14	23	33	44	10
9	28	7	22	11	12
37	16	19	30	18	15
24	34	23	32	31	42
23	29	27	24	15	40
3	32	13	30	26	6
45	15	39	35	2	16
11	9	18	16	42	10
35	23	27	26	32	40
26	25	2	34	30	41
10	1	12	30	31	32
16	36	11	38	22	10
32	45	26	1	21	24
3	4	11	23	24	5
15	6	39	18	33	45
26	25	29	33	3	23
41	25	17	18	21	35
20	10	27	41	2	4
6	9	39	14	29	11
15	11	34	7	20	30
4	11	12	1	3	37
15	5	39	41	26	18
10	41	38	4	32	25
14	18	20	25	34	37
43	33	29	41	23	37
43	9	6	22	3	32
16	42	18	10	14	35
3	27	8	20	2	37
24	38	26	20	7	19
32	6	40	2	9	29
14	36	22	5	12	1
29	36	39	32	33	7
16	26	36	23	30	3
3	13	7	45	5	28
27	12	13	5	17	29
16	33	12	23	34	3
27	10	3	22	45	11
17	38	44	24	25	16
8	27	6	18	19	12
25	3	9	27	44	18
27	31	2	8	41	18
2	24	9	21	3	33
43	10	24	44	19	15
21	19	15	33	29	18
1	17	19	23	35	27
40	33	15	43	22	25
10	16	22	1	15	7
40	10	25	13	44	29
5	41	38	23	45	22
42	29	21	40	25	33
36	28	32	7	12	38
4	1	17	32	31	42
44	36	34	45	17	21
45	39	24	21	23	42
40	32	22	8	23	6
44	11	9	14	18	3
24	27	30	28	25	20
1	26	41	7	20	16
25	24	31	17	35	3
13	31	22	40	9	32
7	22	34	1	21	32
16	28	40	10	15	4
13	33	16	38	25	28
26	13	32	37	33	10
36	38	24	20	42	40
29	40	6	16	9	17
28	24	5	8	11	18
12	26	22	29	10	27
42	16	11	13	28	35
25	34	10	44	31	41
21	28	3	18	33	34
28	39	20	31	10	26
24	26	41	18	37	19
18	16	38	33	28	7
45	18	1	6	38	27
19	25	44	34	9	33
16	19	34	13	12	35
41	45	40	34	37	1
4	18	26	22	6	37
26	36	39	38	33	41
9	12	14	10	44	18
19	20	27	11	8	36
6	35	43	31	25	42
21	17	24	23	11	22
26	38	10	34	35	8
32	33	29	20	15	4
15	25	34	22	27	12
43	31	39	7	33	35
26	19	44	15	6	3
40	4	15	44	31	1
12	3	43	27	7	9
11	24	15	6	7	27
18	29	42	3	44	35
40	19	20	10	27	11
32	12	29	6	41	42
11	4	29	39	42	7
29	2	19	8	13	27
20	25	45	17	2	21
7	32	33	3	18	4
26	35	14	40	27	23
30	31	15	18	11	12
11	6	29	20	1	13
24	42	37	5	28	27
5	10	8	23	4	6
24	42	29	38	25	11
11	3	9	5	17	10
26	39	23	42	43	8
7	36	3	43	24	11
25	28	32	7	33	10
45	9	23	2	17	19
38	9	44	35	19	28
44	4	22	39	45	15
21	31	15	39	16	33
21	1	43	17	45	3
4	15	14	13	45	12
19	12	42	44	28	15
5	27	30	40	26	15
8	6	31	25	34	16
33	36	41	7	22	18
21	35	37	11	39	45
18	42	6	45	36	28
8	13	32	33	22	41
41	15	19	32	38	43
16	33	25	15	28	10
25	1	6	11	40	42
14	4	18	11	34	2
27	34	45	24	5	31
17	6	45	18	28	34
20	39	4	17	38	15
1	17	38	41	7	26
25	11	32	45	16	33
16	18	33	38	19	25
11	18	28	38	39	16
5	29	21	6	7	26
17	44	23	43	40	45
17	27	40	25	41	15
25	39	29	43	2	36
20	3	29	43	16	32
41	32	28	13	38	26
10	15	25	36	32	40
30	34	25	40	32	35
45	41	3	36	42	9
32	9	20	44	10	28
44	26	39	37	17	20
31	39	40	34	10	29
15	16	8	31	45	38
10	25	14	4	33	26
11	29	26	45	10	4
33	31	41	32	37	21
24	25	34	7	28	33
20	24	33	44	16	7
23	7	8	29	44	43
21	44	19	16	10	18
10	21	40	27	25	45
9	26	20	3	36	17
15	45	8	42	33	16
4	26	33	13	15	22
35	38	17	39	44	23
39	17	27	6	36	22
32	45	26	17	23	39
34	16	30	37	29	25
5	10	11	40	16	20
12	21	9	37	13	16
18	37	45	14	30	15
11	31	26	17	8	2
4	39	22	24	19	17
23	1	6	13	40	21
9	6	4	23	35	38
21	23	4	36	19	15
22	45	23	43	9	4
40	31	45	34	35	41
33	22	6	16	15	21
9	16	32	39	43	28
29	42	18	17	43	30
25	15	21	39	41	3
17	41	33	40	7	37
3	35	13	37	6	22
12	36	45	18	9	40
9	23	6	12	3	28
1	7	27	10	26	38
9	30	42	34	1	41
9	26	19	27	36	4
35	38	23	3	36	41
42	10	35	38	26	11
33	44	34	5	22	8
21	40	34	36	11	44
15	14	32	5	42	39
15	45	20	38	24	17
36	14	35	29	23	34
24	18	33	11	1	5
8	24	4	37	19	34
4	27	35	11	10	37
7	36	35	5	28	41
20	33	41	4	39	14
27	12	30	1	20	2
13	36	3	8	21	39
11	45	37	19	39	3
17	33	4	45	1	9
37	26	13	27	3	14
7	4	45	11	39	40
42	5	23	35	8	19
23	32	34	42	37	12
40	23	2	29	45	33
20	11	10	4	2	45
28	3	4	30	8	41
1	40	38	8	7	32
29	5	44	36	14	3
1	18	41	19	42	34
26	39	15	20	16	5
40	36	38	25	28	1
6	41	43	28	4	18
30	2	39	45	5	29
28	17	29	24	15	36
29	10	12	43	13	31
18	42	32	11	35	10
25	18	23	4	28	43
38	40	42	17	37	11
20	31	27	29	15	18
41	1	35	44	34	23
37	21	41	18	38	42
6	18	32	19	36	43
7	33	9	37	3	40
27	38	32	7	16	42
10	39	35	30	31	29
8	45	21	23	29	4
24	16	9	43	27	8
15	8	17	9	37	4
30	8	14	13	32	22
2	44	14	25	20	24
17	15	26	18	1	36
7	30	44	8	37	26
19	12	17	39	35	44
26	41	14	1	35	24
18	42	31	23	34	33
40	15	43	38	14	26
33	21	22	26	7	18
30	35	19	33	2	4
33	28	30	27	43	29
8	35	28	20	11	12
18	17	30	39	28	4
30	37	29	6	16	12
7	13	41	9	4	10
19	6	25	33	28	7
34	28	14	2	33	7
34	39	3	12	8	30
32	42	31	26	43	28
34	2	38	8	3	44
16	4	7	18	38	25
19	30	2	20	29	23
34	12	39	19	40	13
16	24	26	40	5	25
32	39	28	26	22	31
24	13	34	30	32	17
34	17	31	19	29	22
45	19	5	17	7	10
4	32	40	14	10	1
7	9	5	18	13	42
40	23	20	10	32	3
43	17	7	30	33	16
23	5	45	27	9	14
14	27	41	40	1	21
41	2	12	39	45	43
28	30	31	11	43	19
4	44	14	16	39	38
38	29	16	40	19	21
27	7	11	3	31	12
9	8	2	36	23	31
5	32	20	38	1	17
24	39	17	28	23	36
32	35	28	17	14	1
10	37	22	32	45	14
15	5	36	37	26	3
32	27	40	20	7	10
24	43	38	16	22	31
22	38	4	40	6	36
33	6	5	43	14	34
39	9	7	17	36	45
19	10	12	14	5	20
27	11	30	12	35	37
20	35	18	12	7	1
4	35	37	13	22	26
4	6	29	2	17	40
18	44	3	7	10	22
13	20	31	3	22	2
41	24	9	20	28	36
27	20	34	16	29	1
10	21	17	39	11	24
44	34	30	13	4	39
29	14	33	16	11	43
1	2	20	26	17	11
43	10	25	15	20	4
16	37	25	38	26	29
22	23	6	37	35	38
16	22	28	30	27	40
3	1	7	34	32	45
44	10	33	43	29	34
5	16	36	27	40	45
39	45	10	23	37	22
42	25	38	4	40	21
38	22	21	19	25	5
11	38	10	12	41	1
6	9	22	10	19	1
21	4	30	38	7	29
30	40	25	31	41	3
15	29	44	30	13	20
44	11	27	12	15	22
6	26	17	34	8	16
32	10	3	21	2	6
44	6	35	16	14	12
30	45	34	21	28	10
31	6	2	17	3	39
44	32	45	1	17	4
18	25	39	17	36	14
29	21	15	23	10	17
39	35	38	20	19	22
22	13	29	33	25	16
36	3	41	1	40	18
30	21	5	42	25	45
20	35	9	22	45	6
12	6	41	18	26	37
8	25	43	12	13	18
1	42	17	9	30	38
3	5	15	22	43	18
18	37	32	6	4	23
37	9	25	17	28	18
15	41	42	32	3	29
3	18	45	31	34	7
24	4	5	23	7	8
36	43	7	3	37	29
20	14	29	12	34	43
37	33	12	36	10	19
35	29	21	8	28	13
30	16	32	2	35	19
2	24	8	6	23	22
8	40	30	29	23	38
21	1	28	23	42	34
21	5	4	32	25	33
16	43	6	12	2	39
23	39	8	9	44	3
26	41	13	29	1	8
43	14	41	45	3	38
3	15	17	45	7	12
43	12	6	19	42	11
26	19	23	42	28	40
19	10	12	24	8	21
36	12	33	16	2	24
2	32	33	14	36	18
18	21	25	16	37	36
9	37	31	14	25	8
36	10	18	26	27	25
12	42	9	25	39	7
37	8	25	20	11	38
17	9	19	45	14	38
8	13	12	28	44	36
19	15	2	13	41	23
42	18	10	9	27	22
24	41	13	4	26	19
22	13	5	27	17	15
37	25	4	16	23	32
24	25	14	18	44	4
14	19	1	43	16	23
6	31	5	43	4	19
27	38	29	16	4	35
43	42	30	11	21	32
27	18	35	40	29	31
44	34	28	3	40	37
18	43	38	19	23	22
18	27	11	32	40	39
32	39	40	14	42	26
43	10	7	31	18	4
35	44	13	14	22	1
36	5	3	43	11	19
5	12	27	33	13	23
13	43	5	20	19	28
45	3	39	35	1	34
3	22	28	37	45	27
24	30	2	5	20	3
23	13	44	26	41	34
17	2	8	13	25	10
41	16	9	22	21	32
27	11	26	12	8	29
36	9	31	29	34	5
22	16	45	21	27	7
44	31	40	3	23	10
36	40	27	18	24	30
32	4	21	35	20	43
35	13	38	14	23	32
19	28	36	24	40	8
38	4	28	20	29	42
10	18	7	40	21	16
40	31	41	29	1	7
12	5	29	7	2	32
25	9	3	24	14	35
27	5	31	45	16	19
23	43	34	8	30	10
22	38	19	43	33	20
30	13	1	11	26	16
42	44	41	18	33	22
16	14	7	1	21	34
13	12	8	3	18	10
42	5	4	25	15	9
9	6	21	15	20	18
21	7	6	44	3	38
32	29	6	39	13	17
41	13	25	6	3	30
16	21	7	1	6	15
8	3	9	38	34	31
10	15	21	9	36	38
20	23	13	15	33	31
40	8	29	31	34	24
33	21	9	14	22	17
33	8	4	7	23	15
35	8	36	26	5	34
7	1	21	45	15	41
21	3	25	16	40	10
10	36	24	45	11	37
12	41	15	44	35	34
17	8	36	44	3	22
44	27	35	28	30	4
39	26	44	18	28	38
8	29	23	42	5	45
5	40	24	2	38	1
13	10	18	19	24	34
38	37	44	16	29	25
41	12	33	16	32	38
40	3	9	6	2	29
14	32	38	45	34	4
30	12	1	32	35	33
1	32	35	12	37	45
42	4	27	22	28	19
20	23	43	37	32	4
23	33	9	25	11	34
8	24	18	33	43	5
42	17	29	31	23	2
10	1	42	5	14	30
9	10	28	43	4	40
43	21	15	12	36	3
31	13	36	4	12	37
8	18	39	27	35	21
38	3	7	19	35	28
21	9	40	26	22	10
12	22	14	5	15	44
44	22	18	33	42	21
5	2	44	19	33	32
38	14	45	12	1	19
9	41	32	36	1	23
28	26	14	20	43	6
16	38	30	10	12	24
8	19	7	3	17	9
19	15	5	17	40	16
11	42	29	10	7	35
22	8	19	40	16	43
8	36	33	23	14	34
41	20	12	15	7	6
11	14	44	8	19	17
5	23	4	37	27	19
10	20	6	4	33	44
24	4	33	10	42	8
11	2	3	32	18	34
41	26	31	38	28	22
1	15	30	40	18	25
21	33	39	29	17	18
23	43	16	6	30	11
8	29	16	31	14	35
31	7	21	24	23	8
24	14	28	44	39	12
40	44	29	3	9	41
29	34	35	7	23	27
23	25	14	36	35	30
43	39	26	35	33	22
1	12	10	2	3	27
12	20	41	13	35	34
21	7	34	18	33	37
13	18	25	39	30	9
9	20	37	43	3	29
12	34	3	45	31	15
33	27	22	25	37	3
4	26	20	1	38	43
44	21	31	4	27	42
6	1	28	10	7	21
17	37	7	36	43	1
7	4	30	45	3	39
40	7	28	14	41	10
29	25	36	10	16	26
16	38	17	30	40	13
33	11	22	32	14	40
6	34	45	12	42	3
6	13	43	3	39	25
34	45	4	44	41	42
37	5	9	29	28	24
31	38	12	17	8	28
23	8	38	45	19	34
45	2	27	13	25	38
15	11	27	20	28	4
3	7	19	39	43	37
17	22	42	29	27	41
36	28	35	3	16	12
7	41	12	15	28	8
17	25	14	40	2	23
44	27	21	26	40	5
42	33	45	11	18	7
18	37	14	45	28	40
39	6	10	14	2	40
39	3	29	16	12	14
45	28	4	35	27	29
3	37	7	29	27	10
26	44	40	17	4	38
39	41	17	4	32	9
8	45	13	16	9	44
24	28	23	18	10	9
32	15	21	16	18	25
38	41	29	7	17	31
15	13	29	41	8	27
36	27	21	41	35	3
3	9	11	20	19	32
37	25	38	5	36	39
30	36	22	10	14	38
43	30	29	39	37	19
38	24	17	33	41	39
44	31	18	7	4	2
26	19	44	16	18	35
11	42	40	21	13	24
27	41	30	8	18	5
32	43	4	8	11	13
10	41	14	26	16	39
33	11	45	23	35	34
1	23	4	42	16	6
45	38	22	21	17	16
26	9	11	13	22	38
32	25	42	37	12	9
33	9	4	32	41	2
29	35	34	39	12	33
30	7	20	33	16	15
36	7	26	15	44	42
38	24	6	9	19	11
33	35	15	5	14	2
28	10	18	2	36	43
14	32	15	36	44	7
20	30	12	5	45	9
5	27	2	9	26	14
21	2	22	29	39	24
38	30	6	14	24	16
19	41	14	39	16	21
8	42	13	11	31	10
23	13	12	1	4	19
6	44	19	22	41	3
23	25	26	4	45	10
41	33	24	7	23	43
3	18	13	40	20	24
24	44	9	40	19	45
9	6	31	16	7	17
6	8	37	35	36	25
33	31	22	39	1	45
24	25	8	6	35	21
40	26	20	12	36	17
16	7	15	44	33	39
42	35	45	8	4	18
2	6	41	39	25	28
30	11	41	35	18	25
32	39	18	45	1	26
26	9	10	38	29	1
21	29	10	28	30	1
27	15	7	21	42	38
14	2	25	37	32	45
3	22	40	36	38	7
24	20	16	21	43	23
33	27	10	15	8	1
15	37	26	19	36	8
28	26	27	41	9	33
41	20	34	17	8	12
31	34	15	42	25	9
30	24	33	41	40	16
11	39	41	27	30	19
11	45	43	38	12	40
30	6	43	24	41	25
24	37	20	41	45	15
17	16	12	22	33	2
32	23	18	22	10	4
13	31	2	36	37	45
12	24	31	38	39	5
8	6	35	18	41	22
37	26	7	6	13	11
35	9	33	39	28	36
33	34	3	45	36	32
42	2	16	27	38	13
13	28	19	23	26	29
35	2	28	21	14	3
10	40	17	39	12	28
35	41	25	29	44	39
18	20	12	13	31	11
15	28	6	23	20	29
24	12	36	38	31	17
13	26	3	12	23	5
21	1	20	39	42	28
15	44	8	10	17	35
27	34	3	37	13	24
37	34	23	43	31	5
42	43	4	6	19	13
11	34	24	9	19	28
11	28	44	36	3	35
13	35	21	17	29	2
18	37	34	11	33	28
29	38	28	8	43	12
39	3	32	43	13	31
4	41	21	15	5	19
5	9	38	1	40	23
15	26	36	6	43	14
44	9	21	24	14	27
37	19	3	29	15	7
43	12	2	7	22	6
4	39	29	8	25	7
25	38	21	12	33	28
22	28	15	38	25	35
28	44	13	4	36	34
39	42	14	30	1	6
45	1	24	40	33	2
3	6	31	11	44	33
28	37	24	10	17	36
18	35	29	44	37	36
29	37	19	18	16	39
36	39	34	16	18	23
16	6	40	15	29	37
5	4	41	13	6	12
13	7	45	19	36	27
20	33	8	13	10	39
2	31	9	7	43	1
23	7	16	42	2	19
6	29	12	31	28	42
6	44	19	40	9	7
39	19	25	3	41	26
11	14	40	43	38	9
18	8	26	40	33	31
21	22	10	29	36	18
28	18	16	27	17	9
35	5	42	12	13	22
5	24	4	20	34	45
5	41	14	31	26	22
25	42	13	6	41	19
36	10	16	45	15	17
36	37	11	34	15	23
29	32	30	20	13	28
43	5	26	1	25	17
20	1	11	21	40	32
15	38	6	22	31	14
4	13	44	7	3	26
42	35	38	45	14	12
13	18	7	24	15	34
10	37	45	15	5	14
11	21	14	38	20	35
31	29	21	38	16	45
12	21	40	29	25	2
27	30	6	3	39	22
43	12	33	38	30	2
43	26	16	37	3	33
23	21	3	36	44	5
28	32	14	1	35	27
24	27	26	36	6	15
14	16	43	11	8	21
41	3	17	14	28	15
27	19	34	12	29	28
27	32	9	15	24	33
13	16	2	10	43	18
42	12	32	17	25	8
16	2	33	44	13	3
13	24	1	11	8	12
8	16	3	12	35	38
26	5	45	24	11	30
37	7	9	15	39	25
32	40	44	7	28	41
41	23	21	27	28	2
39	7	16	23	41	26
13	21	7	29	37	19
40	38	22	30	7	11
6	10	43	38	18	23
20	42	22	15	29	30
28	42	14	16	23	30
7	12	21	1	4	34
4	34	23	6	12	5
20	16	29	43	23	34
3	36	44	5	37	30
6	20	28	26	9	17
45	5	26	14	9	36
44	41	7	9	11	30
6	39	15	44	5	41
20	2	5	30	14	44
45	31	28	5	41	37
43	41	28	31	34	24
7	32	27	5	34	26
6	16	45	3	44	12
4	33	22	23	20	2
45	26	38	37	4	29
13	25	24	32	7	36
18	6	34	29	13	38
7	12	37	19	22	11
32	7	36	35	11	37
15	43	10	11	7	32
16	15	6	13	37	9
44	11	30	8	43	12
31	40	4	42	37	28
6	36	22	10	18	41
24	28	43	38	2	4
34	6	24	4	28	43
7	24	9	36	21	19
43	3	14	35	8	42
40	37	15	33	4	20
22	36	4	12	37	26
3	29	32	6	1	23
30	19	1	41	9	27
9	16	20	2	24	13
21	34	10	40	45	18
29	27	28	37	2	43
29	36	7	40	18	31
16	30	18	17	27	13
15	29	45	11	14	40
7	20	44	5	36	31
14	36	13	17	40	42
8	45	19	9	14	23
8	32	9	2	42	6
21	31	13	23	12	29
12	8	1	16	22	43
41	3	4	9	13	19
15	21	3	43	20	37
28	10	1	7	15	39
22	13	1	14	15	19
15	23	42	3	19	29
18	15	16	2	21	14
4	25	36	19	34	5
45	2	18	1	19	10
34	21	41	13	35	27
29	38	36	4	6	22
37	14	16	5	15	29
18	25	23	44	4	33
19	17	45	10	15	12
10	2	42	19	18	43
41	35	4	38	13	17
15	25	8	22	33	21
8	12	5	36	24	37
23	17	8	42	31	26
11	8	44	36	12	24
26	43	17	41	9	27
39	29	1	24	30	40
20	14	19	18	24	9
24	26	19	43	37	35
36	42	28	12	32	43
29	37	30	27	6	43
12	45	27	19	44	36
39	9	2	27	26	14
33	12	14	37	1	19
29	6	27	20	45	3
18	40	21	12	14	19
10	24	15	21	7	30
25	33	23	5	22	44
1	36	20	38	13	11
8	17	14	3	38	23
22	27	21	34	4	11
23	11	32	24	33	22
9	38	11	23	33	24
18	13	17	41	11	14
10	8	33	41	28	27
20	24	9	42	18	25
39	40	26	29	1	9
34	30	5	15	45	7
8	34	45	38	19	43
43	1	18	30	8	42
23	25	24	20	41	2
31	25	36	34	24	40
26	25	4	6	38	18
42	17	31	44	43	40
40	10	14	5	22	32
41	10	6	30	36	34
41	34	5	35	31	6
14	17	33	37	4	40
14	24	37	9	15	35
35	43	29	39	45	5
28	24	27	29	25	7
8	36	10	18	31	32
28	17	38	9	11	26
45	16	41	22	37	3
43	15	38	2	22	19
13	8	19	15	4	14
12	28	8	18	32	39
11	27	38	44	43	12
8	20	11	19	26	34
22	30	2	44	4	40
6	2	26	29	44	20
27	3	14	19	42	11
29	36	43	34	20	16
18	23	29	37	42	21
6	10	28	20	22	43
29	45	22	25	43	18
14	5	44	33	28	32
30	5	29	21	40	44
30	40	16	44	39	9
45	24	31	44	13	22
25	28	18	43	36	29
7	6	28	14	18	9
34	19	35	22	18	15
11	6	37	12	3	28
15	4	7	27	32	33
13	12	14	30	36	9
32	45	21	10	7	11
44	11	4	26	43	9
26	28	23	45	44	16
34	11	23	36	28	42
9	18	38	16	13	41
10	17	21	41	24	14
42	7	38	22	10	25
16	22	42	13	44	38
22	7	3	33	31	39
11	25	2	16	23	6
41	33	44	32	15	1
8	28	21	11	44	18
18	25	16	29	12	2
41	43	42	44	35	15
40	3	22	36	35	17
14	7	2	34	17	42
18	21	12	13	38	39
27	38	25	4	16	26
36	40	20	21	14	24
16	11	2	10	43	9
15	3	18	25	16	1
25	9	4	15	13	24
10	25	9	12	26	16
10	18	32	30	22	4
37	25	5	26	18	17
3	14	43	41	44	30
19	38	30	45	26	13
7	8	43	2	23	38
38	44	9	26	40	16
10	7	45	3	2	20
9	29	33	21	5	15
16	37	27	20	6	13
14	16	4	27	28	12
44	16	14	15	8	31
30	9	32	39	3	28
13	26	36	16	42	43
26	31	40	6	10	7
8	42	45	34	20	38
20	22	29	24	1	18
19	38	12	45	9	7
18	34	28	6	17	26
17	29	33	30	43	26
5	39	14	15	9	27
13	2	8	16	1	32
41	23	5	26	44	36
19	43	4	24	20	7
11	6	27	32	44	33
17	36	2	31	41	35
36	43	42	12	27	38
23	38	27	31	39	19
44	36	42	45	7	39
10	30	13	19	16	9
12	22	37	19	35	34
37	8	27	18	35	32
3	17	15	32	33	37
9	30	42	5	2	27
1	30	38	39	9	5
6	8	30	36	18	7
1	39	3	26	45	25
45	4	12	32	23	16
23	45	15	44	40	35
23	11	41	15	22	12
19	36	27	17	24	12
45	9	27	37	20	40
4	29	35	23	19	30
29	9	1	16	14	45
42	31	11	19	35	30
44	31	17	34	29	4
30	1	38	12	39	43
27	43	33	37	18	14
13	11	1	37	35	21
29	4	33	13	15	34
37	29	25	39	19	16
16	5	39	25	31	18
22	42	6	38	17	24
39	32	27	25	36	22
25	23	13	11	44	34
1	39	29	30	8	37
32	4	44	30	26	2
28	5	25	26	23	8
3	39	26	27	28	23
2	42	4	21	24	12
30	39	11	19	35	33
17	9	5	3	25	16
42	36	14	29	34	35
30	34	10	9	12	44
39	11	14	16	18	17
34	37	31	29	11	9
39	5	23	38	8	9
12	36	14	7	45	35
15	29	9	43	13	44
2	44	22	21	42	7
16	43	28	2	20	24
44	28	25	24	42	12
32	7	35	26	33	31
24	41	15	11	3	6
37	24	6	13	31	39
2	38	7	44	31	12
45	24	33	42	10	21
38	19	20	3	14	37
16	20	1	15	11	24
7	41	34	37	25	26
30	7	2	16	4	19
3	10	25	5	4	2
23	16	21	36	13	9
25	27	17	45	23	1
39	12	15	2	24	21
7	5	1	31	11	16
1	3	25	23	33	9
26	27	38	32	7	16
42	20	36	3	13	39
36	37	35	27	12	29
17	29	34	44	27	20
33	43	37	27	44	11
16	13	2	44	38	25
5	11	10	36	20	13
14	9	30	26	44	22
45	1	3	21	9	16
6	44	11	16	41	3
11	25	15	2	34	32
38	35	2	16	25	40
45	26	32	36	29	44
22	28	30	18	39	23
20	33	3	41	9	5
5	3	45	10	19	25
19	39	33	30	32	41
38	8	29	25	3	37
14	4	44	33	11	31
41	1	37	22	43	14
28	44	25	37	26	15
19	10	12	24	18	27
45	39	24	16	9	28
30	43	13	32	45	20
27	20	5	38	42	43
20	25	33	45	28	36
5	39	2	34	42	15
33	18	14	45	1	4
6	20	15	26	22	1
38	12	31	17	42	15
41	21	9	33	37	35
35	2	20	6	18	39
38	7	2	19	45	27
13	9	25	17	21	32
44	42	40	11	34	26
44	43	30	36	15	1
22	40	15	30	37	12
45	30	18	39	12	1
33	44	3	22	29	19
37	21	1	34	14	6
28	34	15	5	43	16
44	30	5	9	41	42
4	20	17	36	2	33
2	38	17	23	21	45
22	23	40	2	15	13
9	10	11	40	38	13
45	10	40	24	38	33
21	19	35	43	2	15
39	43	16	29	25	44
21	3	4	9	38	15
2	12	13	41	36	40
3	36	4	27	9	37
13	9	33	43	27	29
17	30	16	23	11	33
20	10	13	7	32	33
43	41	37	5	10	29
32	37	38	23	34	41
10	17	6	33	5	20
44	42	25	26	41	32
20	35	8	37	21	33
26	36	14	30	11	6
41	8	27	28	19	24
7	13	33	40	9	20
30	37	33	22	16	18
33	10	8	12	16	24
23	34	7	21	18	36
6	21	39	18	12	32
45	16	22	11	17	7
39	26	33	34	27	37
39	13	32	34	41	31
7	44	43	37	30	32
7	22	41	42	37	1
35	29	28	2	21	33
4	25	14	45	3	30
15	32	25	34	39	10
3	44	30	5	34	35
8	7	39	9	44	38
20	1	28	10	2	24
20	6	15	35	2	34
26	41	10	22	27	16
16	21	45	41	8	15
29	44	23	5	40	3
22	10	43	31	20	2
23	22	12	4	7	44
13	5	9	21	16	2
28	34	7	21	24	11
32	20	21	37	33	44
43	36	13	15	25	21
39	5	25	40	23	3
36	40	27	44	7	4
10	15	45	16	23	44
23	2	21	35	38	22
33	7	36	41	43	21
11	26	2	33	35	25
27	33	26	23	19	6
5	1	31	44	9	43
40	20	43	38	22	8
15	33	16	39	2	41
8	9	25	18	29	43
28	43	27	19	13	16
11	8	18	3	43	31
8	18	1	5	21	12
40	7	30	22	3	1
45	40	38	34	8	30
1	37	35	17	28	7
27	39	37	22	45	31
4	24	44	13	18	43
24	12	33	8	21	11
23	20	19	12	41	32
8	28	27	2	15	39
45	29	16	13	41	10
26	12	45	11	17	31
40	38	17	21	16	23
27	11	43	25	18	36
39	37	35	33	20	25
34	16	9	22	29	23
26	13	32	16	9	33
9	3	7	16	31	6
6	45	18	2	34	21
5	34	38	18	4	13
13	1	15	42	40	8
40	21	23	29	2	26
25	28	42	5	2	22
10	5	15	43	26	31
15	12	17	19	10	13
11	36	20	32	45	33
29	37	14	2	28	11
3	10	30	9	38	18
41	35	5	15	12	22
17	11	20	45	28	33
20	9	19	18	6	36
3	25	7	4	42	41
4	42	28	32	29	5
44	3	42	39	13	14
8	6	19	4	29	24
44	26	38	24	35	12
2	39	18	15	33	44
44	37	24	16	39	15
26	40	5	13	1	4
33	40	31	5	13	19
30	13	3	35	22	43
13	9	35	34	17	40
19	37	18	12	43	36
21	32	23	14	44	34
32	27	35	6	40	16
14	23	12	36	17	16
39	14	22	40	19	33
31	29	26	16	39	37
2	19	24	43	17	3
3	26	45	41	38	29
41	31	20	14	13	22
24	29	41	4	36	15
11	17	14	20	23	21
42	6	11	27	5	1
32	16	2	42	39	8
33	4	38	9	16	14
37	9	15	24	39	33
8	12	5	36	14	27
34	13	40	6	4	3
36	41	32	7	14	37
36	27	44	2	32	43
34	4	2	21	25	38
34	17	22	32	43	26
21	45	29	37	7	9
31	5	34	39	8	38
4	25	13	12	16	26
22	34	44	5	18	38
6	8	26	1	5	25
43	5	28	18	14	19
16	6	43	4	20	1
3	20	28	17	10	31
32	43	1	28	4	6
22	24	18	28	36	41
27	43	18	25	15	22
22	38	40	8	33	5
32	16	35	22	39	21
35	6	11	20	24	1
5	26	12	3	7	43
20	26	34	14	17	28
39	44	26	31	30	4
12	23	22	27	11	30
18	36	45	41	10	39
16	17	8	5	39	18
26	33	10	37	27	30
28	1	23	41	44	37
44	24	25	36	45	6
20	30	33	26	10	43
13	1	3	14	20	38
31	45	22	3	33	24
20	33	19	13	29	34
17	23	13	24	32	29
40	25	30	39	33	6
12	42	4	17	9	40
42	9	30	10	37	11
35	37	4	3	44	15
35	38	26	6	10	32
37	6	36	34	29	15
5	8	22	6	44	15
43	32	30	28	6	29
36	42	26	45	3	37
37	27	40	3	28	24
25	36	42	34	20	19
24	35	9	32	34	6
3	12	9	39	5	11
4	32	3	8	24	26
30	26	8	15	44	23
44	15	43	40	19	36
12	15	20	21	27	45
8	1	24	32	25	38
31	27	23	21	44	38
19	3	38	34	37	13
30	13	35	22	6	23
32	21	11	15	38	2
19	18	24	28	2	37
23	16	38	19	45	42
23	9	29	44	26	10
24	4	12	6	8	38
14	42	5	17	20	22
4	14	20	8	16	35
33	45	13	35	41	38
20	4	19	31	36	9
27	31	35	40	42	11
42	25	23	39	8	28
44	14	13	8	40	6
29	22	31	9	19	39
26	25	21	39	1	13
39	44	17	14	24	34
36	16	31	7	37	17
6	30	23	34	5	32
16	41	17	31	19	28
32	18	7	11	42	2
32	7	14	18	41	26
24	28	40	38	31	18
2	24	26	30	22	9
42	14	38	19	12	2
29	16	1	26	34	45
22	1	15	21	11	9
9	33	25	14	32	24
5	41	27	44	8	24
23	30	24	35	27	12
29	24	39	14	43	32
41	19	9	35	18	24
8	27	39	24	45	18
28	10	11	15	23	32
34	37	38	14	6	45
5	20	9	18	24	33
42	30	37	10	25	36
8	23	11	38	33	41
21	31	18	23	1	11
33	8	43	25	12	37
29	36	39	33	16	15
36	22	12	18	37	5
32	35	20	7	21	15
40	12	23	8	14	16
2	32	19	7	8	10
42	44	2	32	15	11
15	45	37	20	1	19
43	35	38	39	25	17
2	35	7	4	20	36
7	21	6	33	11	44
25	35	22	38	1	8
39	4	36	7	19	5
26	9	34	8	25	4
24	29	20	25	36	37
18	34	36	39	2	33
1	39	30	32	10	2
22	4	19	20	14	6
23	38	15	29	32	25
25	42	35	30	39	41
18	31	19	3	36	41
27	38	5	15	2	28
19	16	42	21	9	12
5	1	14	7	26	23
27	19	20	32	10	43
5	27	43	44	21	19
26	30	32	5	6	10
35	6	12	22	17	44
21	22	25	28	44	12
18	44	1	12	37	38
20	9	28	32	33	26
10	20	22	32	14	43
45	25	40	34	1	7
38	14	15	33	12	18
2	17	15	43	22	41
4	8	13	20	42	33
8	28	11	23	10	39
29	45	43	24	9	17
1	6	40	22	35	15
41	21	11	39	10	31
39	20	26	5	16	6
45	34	4	18	23	37
7	26	4	15	25	30
10	31	36	9	1	4
19	28	12	15	32	20
4	33	30	44	6	8
19	43	38	27	37	31
8	6	33	29	12	10
43	33	7	29	42	14
28	10	11	16	36	27
23	33	39	43	6	24
35	38	5	15	22	3
2	34	5	23	4	9
25	29	20	18	35	6
19	42	15	24	7	29
23	12	27	10	1	3
39	12	40	4	36	29
36	25	27	37	9	10
34	33	5	27	29	15
28	39	44	4	33	43
27	7	37	41	2	23
9	2	38	22	41	32
5	29	25	45	2	35
3	41	34	6	8	25
41	7	4	2	10	25
13	17	42	11	34	8
43	28	24	26	23	45
11	35	14	43	17	23
3	32	7	41	5	6
2	8	36	40	44	12
17	4	5	19	28	33
13	30	27	9	4	39
10	30	11	17	23	32
28	15	42	23	25	14
10	28	9	4	7	16
11	37	45	7	12	13
15	33	34	22	23	20
44	37	14	4	38	25
26	27	32	17	6	14
23	16	24	11	19	42
16	25	43	12	8	35
14	20	34	7	19	31
42	19	35	1	36	29
30	4	23	24	26	19
5	4	25	21	23	20
21	24	1	14	45	33
2	14	44	12	29	41
26	12	42	16	5	44
41	21	28	8	27	2
12	39	14	30	43	44
31	15	45	32	20	34
38	4	25	14	13	18
17	25	29	27	41	14
20	17	38	4	7	30
19	17	28	16	22	9
12	17	42	2	39	8
24	37	3	35	1	11
27	36	34	15	25	44
42	19	45	3	30	18
42	20	12	39	41	43
26	2	36	29	41	16
17	26	12	4	23	28
12	16	27	10	39	24
21	43	40	5	3	26
12	7	42	37	21	19
17	41	29	27	18	21
11	39	29	18	9	26
21	32	45	13	39	14
39	32	5	28	8	24
44	13	21	3	42	4
9	5	32	31	38	7
34	22	21	11	5	23
5	18	7	10	13	37
12	11	27	5	15	20
44	2	7	6	24	13
11	20	21	2	13	10
3	9	11	24	4	13
19	33	38	22	24	17
22	18	35	1	10	5
4	28	22	20	43	27
32	30	3	15	22	37
39	26	31	21	34	8
42	36	37	20	2	28
22	7	30	4	9	13
36	5	39	25	30	13
18	20	8	42	3	17
23	15	27	5	21	2
20	24	40	42	39	6
30	1	19	27	26	31
39	24	17	22	40	20
40	12	28	5	37	20
22	19	25	4	3	24
11	36	27	10	38	21
38	8	29	10	32	37
36	23	3	16	32	15
31	15	6	11	1	16
37	11	36	13	25	7
37	1	14	16	36	31
9	10	38	42	22	8
31	9	2	17	8	34
33	4	17	10	20	28
35	8	15	39	44	31
27	28	17	5	33	18
16	2	38	5	42	24
34	25	8	28	30	22
34	21	22	24	16	26
10	3	6	11	43	7
2	26	7	20	25	33
44	30	16	25	12	22
3	11	16	30	40	27
30	3	23	22	20	11
15	22	12	33	28	44
32	1	37	34	42	28
44	8	6	39	11	42
32	16	25	40	35	19
43	3	13	33	45	14
23	32	15	20	39	13
32	28	39	25	45	33
20	3	25	34	14	9
26	33	29	43	23	44
14	26	23	40	43	17
31	9	15	25	3	14
3	21	18	11	16	42
24	41	7	22	10	43
5	14	22	11	25	36
43	9	36	37	35	10
6	7	37	35	41	9
17	33	4	23	18	38
32	2	17	30	25	31
40	12	25	37	17	42
23	36	38	39	17	3
45	2	31	3	19	5
30	18	13	42	20	22
7	5	23	19	45	22
23	11	44	45	26	2
14	22	10	17	15	8
11	5	17	15	29	16
38	13	20	35	31	6
34	30	8	5	36	10
38	35	6	36	17	15
5	29	30	6	40	42
15	29	14	40	30	3
10	12	33	2	34	29
30	45	36	12	31	18
17	38	27	14	29	28
22	23	24	14	39	38
17	29	4	16	41	34
39	11	24	10	30	42
11	33	24	5	10	12
9	27	31	43	1	8
26	4	8	25	32	29
27	5	4	31	30	9
44	35	7	11	27	10
22	7	1	25	42	20
10	18	12	11	35	31
16	43	42	7	23	5
13	30	8	20	27	2
29	17	14	19	33	9
2	12	33	43	44	27
33	34	30	41	13	35
4	33	26	2	13	8
21	25	14	5	37	29
13	12	32	35	14	40
45	44	20	15	37	41
8	16	43	45	42	35
6	35	42	24	29	4
13	32	12	4	2	29
25	13	41	2	10	31
25	3	26	44	7	36
39	22	9	45	4	44
9	23	21	2	28	20
37	15	18	45	5	22
37	31	30	44	9	42
13	37	42	35	45	40
28	14	9	13	11	22
25	7	33	28	21	1
23	4	28	1	35	43
4	14	27	39	44	12
42	6	21	45	5	30
20	40	15	38	23	9
19	27	45	17	32	2
11	29	41	40	14	10
8	42	17	15	12	30
7	25	9	35	29	3
26	34	9	25	6	14
6	24	2	7	44	3
43	12	34	13	5	26
12	21	38	34	1	4
18	3	27	39	15	45
10	24	17	8	28	4
5	40	6	37	39	34
30	20	44	1	38	21
35	17	37	23	2	5
27	22	8	24	9	29
9	22	1	15	36	37
1	30	20	8	16	37
27	5	38	18	20	22
12	10	16	1	19	20
37	38	5	10	14	27
15	23	7	12	39	44
33	40	15	30	11	10
44	32	31	40	27	2
14	39	13	26	28	17
10	2	9	36	38	11
14	33	45	36	27	26
10	44	18	2	42	8
45	40	10	39	6	19
44	3	28	19	34	9
24	6	38	5	21	28
5	41	2	31	30	38
15	8	23	44	33	9
44	2	21	7	3	35
37	2	38	18	13	24
10	39	19	23	18	20
29	42	45	15	14	38
15	41	11	7	9	25
31	7	10	44	21	41
36	44	40	17	2	45
27	26	29	19	43	25
2	35	25	19	31	34
12	35	9	23	5	19
4	1	32	34	6	41
23	42	41	9	12	38
29	15	43	28	8	6
9	31	34	24	21	6
3	35	18	26	29	22
6	35	34	24	14	26
27	8	16	4	9	42
6	28	18	14	31	40
32	36	42	33	37	27
27	4	14	41	36	32
42	2	6	11	39	36
4	2	1	31	19	24
20	16	40	11	5	9
16	44	29	7	25	14
36	33	18	42	29	3
41	43	28	35	16	39
31	15	35	42	23	38
19	17	40	9	11	23
29	30	7	33	4	9
29	1	21	11	36	33
20	5	8	29	17	2
20	25	13	9	21	17
22	3	21	32	38	43
37	12	25	27	43	1
43	44	1	18	5	20
27	7	40	18	22	9
10	1	8	32	31	7
6	11	18	41	21	30
44	15	22	32	24	20
37	10	22	11	32	21
19	21	3	38	15	23
7	20	18	23	8	13
20	40	1	43	32	4
13	30	19	16	4	6
18	25	6	27	28	26
32	37	21	29	24	9
40	34	41	43	24	31
35	2	15	19	24	8
9	45	34	3	8	18
15	5	4	18	31	39
20	2	8	7	21	22
10	31	28	36	41	2
36	6	26	33	5	14
22	25	31	1	7	17
21	37	5	38	13	26
18	41	43	35	6	38
6	15	24	30	44	35
9	30	2	1	13	11
7	38	16	4	25	34
12	41	26	9	34	43
21	30	14	10	3	23
18	32	15	22	39	7
13	39	14	16	18	5
2	17	11	13	18	21
26	37	13	29	34	8
4	5	1	3	10	14
44	36	17	24	30	9
20	45	5	22	24	25
21	8	37	27	32	16
23	11	36	31	24	28
25	9	33	44	27	26
1	31	30	20	13	7
36	26	44	32	40	17
11	44	30	34	14	27
5	20	44	40	1	26
23	15	8	43	38	31
25	18	4	6	20	19
28	4	3	14	5	40
43	27	38	41	15	23
12	45	14	3	8	24
22	41	11	33	40	26
22	25	2	21	17	41
21	45	41	19	5	39
37	1	25	5	20	10
35	14	16	30	17	21
8	11	9	32	7	15
16	43	3	36	20	29
38	15	20	31	39	45
6	31	20	34	44	36
6	32	23	4	21	36
10	38	29	43	33	23
41	45	34	42	7	35
45	22	27	24	32	8
10	13	5	27	21	29
19	2	18	22	25	29
36	43	42	45	34	1
41	2	7	34	40	17
43	32	9	23	12	13
14	3	21	18	25	19
32	39	21	4	27	12
17	12	16	30	34	42
42	7	34	8	29	27
10	44	40	39	14	30
44	33	12	28	39	26
10	24	22	35	32	38
9	35	10	32	15	21
30	8	34	4	20	33
42	16	21	28	11	22
1	8	2	27	5	40
38	13	9	44	36	25
3	5	32	35	15	42
18	41	9	37	31	40
9	3	36	25	15	42
4	36	14	7	41	27
4	10	2	15	19	17
45	14	8	44	31	27
32	29	42	28	22	44
4	40	31	34	5	9
14	31	13	43	15	18
41	43	23	34	2	20
4	25	14	24	21	38
41	34	37	19	32	1
13	19	37	12	30	4
37	33	38	3	30	4
6	9	34	38	16	22
38	24	7	15	26	9
10	30	16	6	33	40
26	12	19	27	44	15
6	1	27	36	3	41
20	39	5	42	17	7
11	13	36	5	35	1
27	38	25	2	37	11
36	27	17	1	37	23
5	35	4	9	17	45
33	40	14	15	9	5
23	4	29	26	33	10
41	39	35	14	16	38
1	8	4	34	16	2
37	38	6	41	8	28
33	11	27	39	10	5
23	28	37	7	18	21
19	25	17	45	18	26
24	19	39	45	29	40
39	7	23	11	45	3
45	36	3	33	4	8
19	29	18	24	43	34
41	44	38	27	36	5
24	12	35	23	44	34
42	26	21	17	31	38
18	29	5	6	3	13
35	33	5	20	34	7
5	36	34	45	1	17
16	14	31	26	35	22
3	34	1	4	19	9
8	18	39	37	19	28
8	21	35	32	1	38
45	5	2	36	35	14
1	6	7	30	15	33
45	8	32	34	41	13
39	25	2	26	34	36
29	40	38	34	16	22
32	25	38	39	27	19
39	32	9	41	40	25
32	21	3	12	30	26
18	41	37	29	4	9
24	42	19	1	41	7
6	2	17	29	32	23
33	18	30	9	45	40
16	1	23	11	33	10
10	34	5	8	45	31
10	44	38	6	20	45
2	41	27	5	11	18
22	25	37	21	36	4
11	14	33	28	27	8
18	16	44	29	38	13
34	25	31	41	11	37
23	39	21	10	32	42
23	7	4	12	39	40
7	34	20	43	10	5
24	22	28	4	29	18
25	31	11	44	8	32
22	14	44	5	27	4
6	15	4	12	9	16
23	16	45	29	19	5
6	39	41	42	44	33
9	40	12	16	3	10
36	5	44	16	7	23
25	16	38	7	23	44
1	15	41	37	26	40
8	42	36	16	25	11
4	16	8	12	33	21
31	27	17	28	6	35
29	16	25	38	3	4
37	17	15	14	13	31
27	2	6	42	1	29
15	44	10	4	23	28
20	26	22	18	37	27
41	6	38	2	1	28
33	28	37	16	10	34
23	2	41	31	35	8
39	41	14	1	21	44
45	31	39	40	9	22
11	10	25	30	35	38
33	8	15	29	13	10
16	9	31	6	23	1
40	32	34	30	9	11
41	19	36	7	1	38
11	43	19	34	14	32
36	15	19	8	40	41
9	25	27	15	18	31
35	39	2	4	21	8
17	31	24	35	25	1
10	37	7	21	44	32
28	19	5	44	15	25
19	22	16	18	39	11
36	18	37	40	34	16
7	15	1	34	6	14
29	7	17	15	21	31
5	43	33	31	40	37
17	45	5	22	15	43
20	45	9	19	13	32
17	39	36	31	12	43
29	21	22	37	18	30
29	10	30	4	2	12
31	37	5	35	39	26
3	36	4	9	2	29
8	2	13	24	42	14
27	26	17	16	39	13
37	31	12	4	40	18
15	10	33	37	14	4
27	31	33	6	41	8
16	42	18	25	36	31
8	28	27	25	26	39
44	37	16	35	4	6
34	15	25	13	4	1
25	33	30	24	19	42
3	42	27	33	35	20
28	26	37	34	2	17
36	37	17	32	6	30
28	10	4	40	38	43
43	13	29	38	19	25
37	11	29	42	26	4
32	2	3	44	27	19
45	30	25	3	9	33
3	36	38	1	28	8
38	3	28	35	1	45
13	27	2	10	25	20
24	6	21	3	28	14
9	16	20	43	32	34
24	16	35	39	4	13
24	40	14	33	25	36
20	24	33	31	44	22
39	5	26	8	7	24
24	39	19	3	2	37
42	2	28	44	10	12
23	10	35	1	5	26
19	2	34	29	33	45
43	25	41	20	31	27
22	29	20	32	40	35
17	35	1	11	38	24
33	6	9	1	10	44
7	35	38	41	11	44
7	27	6	12	13	42
23	18	4	5	28	34
9	40	14	1	24	12
26	3	23	44	24	5
5	44	34	30	11	29
27	17	6	15	42	28
10	36	45	33	27	31
10	40	38	28	32	12
5	7	18	24	21	41
40	14	20	26	12	33
10	45	13	25	32	9
39	38	22	7	5	44
34	35	28	19	24	25
6	38	19	32	29	33
43	38	3	17	19	39
13	5	15	25	24	30
27	10	1	37	22	13
20	28	21	17	5	33
8	11	45	43	3	32
36	2	31	10	12	8
34	9	23	42	7	28
13	20	26	37	40	22
36	10	5	43	16	11
24	43	4	21	42	6
42	5	7	31	9	10
5	26	8	22	21	17
44	31	43	23	15	37
2	4	41	25	36	26
38	26	32	21	7	24
7	32	20	13	41	11
8	41	18	31	21	33
44	32	24	38	8	19
36	2	14	12	33	44
7	5	28	2	25	6
13	3	34	27	12	40
25	5	23	38	19	13
36	34	24	22	37	16
2	19	28	44	4	15
32	6	26	8	14	35
7	29	5	13	21	32
42	33	29	12	30	10
45	37	38	9	17	40
13	16	28	1	27	18
21	9	12	2	19	33
22	29	37	12	44	40
32	40	34	11	43	1
24	28	37	10	2	4
39	15	3	42	2	27
26	29	30	38	27	39
9	26	18	39	28	24
11	38	39	13	19	4
28	38	34	44	19	31
23	29	39	5	28	2
11	2	38	8	36	4
21	39	30	25	20	2
26	43	27	11	2	15
5	18	42	1	36	30
9	12	15	5	23	21
28	34	11	3	44	7
11	13	45	42	1	7
27	26	28	21	37	16
11	22	32	12	16	33
27	14	19	22	17	30
5	39	25	38	3	12
9	43	27	7	40	13
16	19	2	27	25	18
32	4	28	24	18	12
5	12	14	10	1	42
23	37	15	22	13	12
8	42	15	9	38	18
25	21	4	28	27	42
42	24	10	14	7	27
1	5	30	22	37	44
6	42	44	2	28	41
41	6	2	16	39	15
2	12	4	21	1	42
18	20	21	16	42	28
3	4	17	37	36	44
19	7	9	33	27	4
23	32	15	16	2	30
37	10	31	30	26	8
3	34	6	23	22	18
20	14	11	39	13	33
38	22	3	16	34	18
15	11	13	44	30	14
19	38	36	31	23	35
8	28	36	16	34	37
3	31	32	9	28	8
13	16	44	3	35	42
27	3	4	16	39	25
45	27	40	15	30	26
8	35	5	4	29	10
20	4	7	30	15	24
11	25	6	29	42	1
32	3	25	28	6	17
39	44	37	8	12	4
26	37	41	25	20	7
18	27	24	1	32	14
30	21	42	8	10	17
34	17	32	24	37	8
13	8	9	20	39	40
1	21	24	26	11	27
38	27	29	26	21	3
5	13	20	9	41	26
8	7	40	11	18	28
26	35	23	15	34	19
32	24	27	17	33	23
38	14	13	32	43	33
19	42	33	36	14	44
12	18	1	41	5	40
30	19	5	21	2	42
37	41	11	21	14	18
39	37	42	13	44	26
42	8	6	16	39	4
3	36	25	40	7	44
31	1	30	24	14	10
26	1	13	45	5	24
4	39	24	42	37	10
22	45	32	8	26	14
19	8	25	31	40	41
43	17	23	1	24	42
35	26	27	41	22	8
10	12	20	38	26	28
44	10	27	31	11	4
12	28	27	33	9	34
2	1	36	40	35	42
44	43	4	14	17	10
12	31	17	5	29	4
40	23	35	16	44	39
9	6	31	43	28	20
26	19	7	37	40	36
34	13	12	2	42	44
25	10	28	3	6	13
32	39	13	1	19	28
14	45	8	33	12	43
43	44	12	40	35	41
14	45	13	36	23	38
14	21	11	42	26	5
14	34	16	36	43	30
33	10	11	20	35	37
2	16	8	15	31	20
25	27	26	9	40	33
11	35	4	9	3	31
15	16	8	42	17	13
29	41	30	6	9	24
1	45	35	42	25	13
31	40	43	10	24	26
16	7	12	18	8	5
21	30	17	33	26	36
29	23	19	25	22	26
24	45	40	30	11	25
43	28	17	12	21	3
31	42	17	8	34	45
31	7	13	11	12	6
39	13	8	22	40	26
13	2	1	3	41	40
41	6	45	23	34	24
4	17	16	37	3	41
25	8	33	40	23	44
35	43	42	26	12	7
41	6	11	17	42	19
37	31	13	32	34	42
32	3	34	25	28	40
37	13	3	22	38	29
9	15	45	30	2	8
3	28	19	44	27	5
28	41	15	44	43	25
2	27	35	22	33	42
37	10	11	23	29	27
28	13	25	32	12	43
39	16	4	10	30	20
9	2	43	10	14	24
38	45	11	34	20	25
30	6	32	44	2	34
38	9	22	45	12	7
5	27	36	29	18	45
44	7	24	17	31	34
21	15	8	6	32	16
35	3	18	34	6	39
24	34	39	4	31	43
19	32	7	10	42	39
17	12	30	22	43	29
16	18	2	45	7	39
39	21	7	38	6	45
43	10	29	26	37	7
17	24	30	27	4	31
32	11	7	2	39	19
32	25	21	18	10	34
36	34	20	8	23	15
19	16	37	27	15	2
10	19	44	7	22	27
7	10	26	36	23	45
25	4	10	27	16	19
2	33	8	17	12	22
18	7	27	13	2	41
34	7	22	39	9	33
3	32	6	1	31	40
40	27	19	45	21	44
28	40	2	45	37	29
32	23	2	44	26	1
39	32	45	18	43	19
2	33	44	28	45	29
14	1	21	28	30	5
3	25	35	32	4	12
16	9	28	2	34	38
1	34	39	37	44	33
39	21	28	34	16	36
20	26	38	29	23	18
38	15	20	26	40	44
31	1	6	21	22	7
33	7	11	35	4	29
31	45	19	9	26	8
42	41	1	20	17	39
43	24	12	5	20	17
5	4	16	28	26	14
30	2	22	6	21	38
21	4	8	13	20	42
21	25	30	4	17	5
21	5	38	12	30	2
8	30	44	38	3	28
1	11	42	13	2	39
19	2	43	16	33	10
28	29	6	8	41	10
21	39	14	3	1	38
8	16	23	43	22	34
4	45	9	6	10	11
7	40	21	33	31	38
20	30	2	29	27	23
39	7	35	15	30	10
24	20	23	37	25	43
9	28	7	26	31	37
30	19	38	42	21	15
11	20	16	39	45	8
5	8	1	7	20	25
43	23	6	20	14	26
37	32	7	15	40	3
14	3	35	13	16	38
9	29	12	20	45	4
18	40	7	13	16	27
42	18	14	28	40	23
4	28	13	3	43	32
21	17	12	34	24	22
6	20	24	8	10	33
31	35	11	30	32	24
14	43	25	30	33	13
4	17	15	38	45	30
7	9	6	8	33	18
40	44	32	39	26	6
1	14	18	12	5	8
2	23	39	45	10	14
44	24	40	28	37	34
5	17	38	2	27	29
1	21	28	37	42	26
5	11	32	21	42	3
4	6	38	35	13	5
18	4	1	19	15	44
35	10	39	38	2	44
1	12	41	3	8	7
16	40	45	7	30	3
23	30	4	3	44	2
26	27	3	7	5	6
35	6	20	19	28	27
1	17	37	22	31	18
20	12	9	41	43	14
45	22	27	7	13	40
43	25	11	34	39	36
36	18	29	21	35	44
31	41	27	13	16	15
40	29	7	44	18	36
30	1	13	22	5	17
4	22	13	16	10	23
11	10	16	41	23	30
16	23	36	15	30	25
33	18	21	8	9	31
5	31	16	1	45	43
33	5	16	15	30	11
7	8	11	12	19	28
28	4	40	43	45	8
13	9	21	18	26	43
40	34	19	18	4	24
14	13	45	2	21	15
13	15	29	18	5	35
6	42	30	31	25	39
26	24	8	12	43	42
3	10	32	39	7	36
26	30	20	21	32	31
12	19	22	29	44	45
19	5	10	15	30	44
32	42	15	13	35	29
41	9	18	42	38	37
25	42	10	34	5	7
19	42	1	23	43	21
39	41	42	37	7	10
3	18	25	30	5	28
12	22	30	45	36	39
41	25	1	29	43	5
27	29	21	44	41	22
13	41	17	15	36	27
16	5	37	30	1	29
11	16	24	1	13	2
3	10	29	28	23	8
39	11	36	4	31	41
1	41	5	12	21	13
30	17	44	27	4	43
42	43	41	22	7	6
32	25	4	23	19	2
2	45	28	12	41	16
12	3	33	14	40	26
30	44	37	13	11	43
41	15	6	42	20	24
4	12	30	8	40	36
15	31	9	19	29	28
41	27	15	26	16	44
15	33	27	19	28	34
42	22	34	12	43	36
17	16	22	32	37	42
20	27	43	31	9	34
11	9	26	25	8	24
11	3	26	9	44	10
30	24	35	3	32	13
33	39	42	24	35	32
31	15	27	44	10	3
36	6	32	30	33	25
34	21	28	17	16	38
21	38	9	20	11	24
21	16	25	10	6	24
37	6	2	35	9	16
26	7	3	39	31	19
39	13	21	31	32	1
7	19	22	32	15	34
23	41	32	4	3	30
41	17	39	42	29	33
27	31	26	6	9	14
6	40	36	12	31	11
30	16	41	28	18	20
20	43	38	40	9	26
37	2	32	34	28	35
2	17	45	4	33	35
42	45	15	30	8	13
45	7	11	15	42	38
4	45	34	40	44	11
3	33	42	21	26	39
7	16	9	10	4	20
25	5	14	1	32	30
21	17	18	11	23	14
24	43	11	5	34	44
3	40	30	8	1	24
40	3	1	45	24	11
37	30	44	22	4	42
9	37	30	1	19	28
36	23	32	18	37	26
42	15	36	3	26	29
41	14	37	45	44	9
20	36	15	10	45	18
12	4	19	43	17	25
32	35	13	21	12	36
14	42	10	20	43	7
36	3	14	5	20	1
19	20	32	26	16	14
27	17	3	43	44	36
9	31	6	13	14	19
29	31	44	24	8	10
41	44	5	38	13	24
44	42	33	12	3	39
34	2	43	28	22	29
43	29	7	41	17	8
5	40	7	10	25	24
15	32	36	16	27	8
38	39	32	42	13	44
40	19	30	38	9	32
44	11	24	20	45	13
13	11	39	3	18	40
2	33	32	43	31	8
10	35	24	19	45	44
1	15	38	45	21	4
38	29	9	1	26	18
26	31	27	20	23	9
25	4	28	26	35	27
4	36	35	26	15	29
16	10	44	42	19	6
8	12	44	27	45	23
44	42	33	43	5	27
22	18	20	39	2	35
34	11	10	13	4	15
22	18	44	31	37	29
19	38	13	15	36	2
40	38	19	5	35	6
28	7	37	13	33	19
26	33	29	16	24	19
37	13	23	8	41	40
31	43	26	28	27	33
35	36	45	16	40	14
34	35	11	43	41	42
13	20	4	1	19	2
10	34	21	42	24	35
29	37	24	14	13	15
42	20	4	38	31	16
23	2	40	42	4	25
45	1	42	35	17	41
14	13	8	35	18	36
15	35	45	10	32	23
13	31	41	24	1	14
1	19	11	45	13	17
33	2	1	41	40	21
39	2	24	22	13	25
6	42	29	12	40	13
13	4	3	44	23	19
17	14	4	22	39	37
41	26	15	43	38	11
26	17	21	28	9	19
3	12	38	29	17	6
21	6	43	24	26	1
39	35	43	11	24	32
34	43	1	38	20	4
2	30	15	13	28	21
9	23	26	7	22	13
16	30	7	35	25	31
24	28	21	27	6	32
32	43	44	9	3	34
22	30	18	7	40	6
23	42	12	27	34	5
11	4	10	17	44	8
7	2	17	33	35	31
19	36	20	4	37	43
9	4	19	43	17	37
28	41	19	1	9	22
42	23	26	11	38	44
10	33	15	9	21	17
40	34	9	44	18	8
8	17	31	41	4	26
6	20	41	12	7	9
17	6	26	1	44	40
22	36	17	10	40	37
4	6	39	13	43	14
37	44	30	10	18	15
11	36	42	20	32	35
43	35	31	37	19	1
10	27	37	23	11	39
25	26	45	30	32	44
23	19	34	28	7	31
10	27	45	21	29	3
38	45	17	44	5	31
31	18	5	42	35	44
8	32	4	13	21	27
8	33	3	7	44	16
43	34	21	39	2	41
13	34	5	28	3	17
19	17	38	3	24	29
5	10	44	12	32	17
20	5	29	17	27	35
12	14	22	13	45	27
9	20	38	44	16	22
7	6	27	23	17	13
21	41	30	36	38	12
5	18	25	4	20	15
39	35	14	17	19	43
5	8	6	25	2	9
17	45	37	44	27	30
24	6	3	12	33	21
32	41	10	4	23	24
14	36	19	29	3	40
38	27	7	23	36	25
5	26	41	34	6	19
17	2	23	5	24	35
28	27	9	39	7	35
14	2	4	28	29	5
41	19	39	29	15	21
31	25	41	22	11	28
6	18	44	16	29	5
25	36	44	35	8	23
21	4	30	12	11	45
14	27	8	19	45	24
11	19	31	3	29	12
7	43	32	4	22	10
20	45	33	19	18	7
5	30	15	14	37	40
2	33	17	12	15	18
22	32	11	6	16	19
32	10	21	29	25	3
37	23	15	25	35	9
24	13	35	34	8	15
19	9	20	39	31	24
5	26	27	41	34	11
28	37	5	15	26	43
16	43	28	44	3	26
24	41	25	38	28	8
34	31	44	9	36	45
16	5	37	7	18	42
37	40	41	15	19	28
33	13	8	2	20	37
40	26	18	19	28	32
1	2	16	26	25	38
34	25	4	42	26	13
38	29	26	33	15	41
23	35	2	37	43	41
8	31	2	25	37	40
22	32	3	15	14	23
8	41	13	5	43	10
41	20	45	8	1	42
17	1	27	3	21	7
24	4	28	10	23	19
22	4	34	38	18	27
43	27	41	35	29	20
7	15	35	41	4	27
28	5	33	44	37	8
5	28	43	6	44	7
31	22	30	32	23	6
9	3	20	40	7	29
17	41	36	45	30	15
10	37	39	7	42	6
8	40	4	26	25	33
20	36	6	28	45	21
12	5	35	42	37	17
27	21	6	30	40	28
27	18	22	3	36	19
17	34	32	29	9	18
27	15	26	14	17	11
15	6	24	7	16	39
3	18	24	25	30	13
37	11	31	10	3	17
19	6	8	34	30	23
22	28	8	17	12	29
12	39	25	22	7	41
25	36	14	16	20	35
8	3	13	23	6	10
33	2	29	17	36	25
23	7	14	43	22	35
29	20	40	35	36	5
4	37	30	22	6	19
27	2	3	28	24	12
2	28	29	39	14	32
8	41	37	35	45	21
32	18	40	3	41	33
32	31	4	44	9	35
10	6	12	41	9	24
26	16	36	14	29	17
45	15	18	5	4	34
34	15	31	3	35	38
38	25	20	1	14	35
1	43	41	11	20	14
16	38	31	17	39	44
43	26	15	2	10	36
21	14	3	30	23	45
1	5	44	10	34	26
28	10	22	21	33	20
6	14	30	7	23	29
23	21	37	8	38	35
33	45	12	25	39	6
13	5	38	36	43	33
39	10	43	3	5	30
41	33	21	27	6	37
7	24	5	30	3	6
41	35	37	28	5	25
18	42	31	16	32	37
31	42	13	12	28	25
43	2	3	7	11	30
34	3	6	41	30	28
28	11	31	10	29	16
7	36	39	11	10	6
2	28	36	14	18	10
31	45	3	32	34	24
27	14	37	9	38	28
19	1	22	6	30	18
35	27	31	18	43	15
17	10	42	38	41	13
14	27	20	16	28	40
20	16	39	42	3	35
42	2	24	43	7	45
39	31	1	40	10	2
25	14	26	24	39	28
28	17	13	16	24	20
35	44	11	10	3	5
1	43	7	19	40	32
39	4	26	31	44	45
32	45	40	7	29	36
17	35	34	14	31	4
15	27	38	12	17	45
18	20	7	1	30	28
2	29	16	38	35	3
6	4	35	40	15	32
19	6	35	2	38	24
41	8	1	42	2	10
7	33	12	30	5	42
15	26	27	22	18	30
20	42	36	16	28	12
15	37	28	30	10	21
14	34	22	35	18	38
8	17	6	33	3	38
20	21	45	5	10	42
14	13	7	15	20	45
40	37	22	33	15	19
13	44	18	12	29	31
27	2	22	15	39	10
20	17	5	7	35	29
5	3	26	36	42	11
30	2	11	35	16	1
23	10	27	11	30	25
11	17	22	5	24	33
25	2	6	19	11	5
24	6	17	11	33	36
27	31	28	25	44	12
33	1	29	26	16	13
35	42	17	23	2	19
6	26	32	11	4	10
14	2	26	1	37	41
31	29	35	5	41	42
32	20	33	6	15	12
14	1	32	26	28	24
30	17	38	2	36	27
23	5	3	7	18	15
12	28	32	10	33	3
7	1	16	24	36	6
23	44	25	1	15	34
10	12	31	43	40	17
36	38	43	21	8	30
43	45	30	42	31	33
30	12	8	20	35	34
2	16	31	23	29	20
1	31	20	43	32	16
37	26	42	7	34	38
1	33	15	13	11	16
30	10	2	13	5	27
24	13	29	19	5	20
17	32	21	14	13	25
34	36	26	10	18	9
41	30	11	42	29	6
42	39	45	28	37	38
28	31	20	26	19	17
28	44	32	37	10	17
38	5	45	39	11	4
40	32	21	25	31	45
21	24	41	5	18	26
36	32	41	45	14	35
19	43	22	6	20	37
3	11	31	41	27	17
36	8	43	27	18	15
38	35	4	21	13	3
34	36	35	27	4	20
20	18	15	12	16	7
24	30	23	38	10	35
27	28	20	7	29	22
37	45	22	31	42	26
17	32	31	1	8	45
6	11	28	44	30	23
19	14	33	4	45	12
33	8	37	40	24	41
37	21	25	18	31	2
30	2	25	43	21	40
22	21	17	24	11	20
42	6	21	29	25	41
26	18	29	17	9	6
24	16	26	43	44	30
13	21	17	28	34	43
33	40	24	10	14	28
10	44	6	27	43	29
34	22	38	36	3	15
30	32	43	31	1	35
43	7	24	8	12	32
9	43	19	7	25	15
22	37	42	3	26	10
37	1	14	24	12	32
30	34	33	3	5	12
20	6	18	44	43	31
5	41	15	29	23	1
5	15	44	14	27	8
36	37	7	45	4	32
19	32	17	36	42	31
23	20	38	14	3	22
4	20	23	33	24	29
45	10	20	14	23	5
19	12	28	42	4	3
35	17	20	1	10	27
33	22	37	20	8	38
31	30	3	28	4	35
18	32	40	43	35	3
21	12	33	23	30	38
21	17	19	16	2	45
21	20	3	39	18	38
12	22	5	24	19	34
34	20	41	40	19	35
9	20	40	36	5	13
13	38	43	20	10	34
36	30	3	14	4	5
3	22	17	25	26	31
40	35	31	39	42	6
30	27	40	19	17	33
14	26	36	18	29	34
21	37	7	4	12	30
19	8	30	15	22	31
13	43	19	42	8	33
25	11	18	43	3	4
39	40	20	45	29	1
26	42	20	18	25	29
3	17	5	6	36	32
32	27	15	39	21	18
24	23	4	17	27	14
22	17	8	38	12	19
14	21	12	6	28	34
19	35	23	39	16	36
32	44	35	23	41	26
14	21	43	7	6	18
8	11	38	3	29	42
24	2	41	13	14	21
15	2	22	6	20	1
28	38	37	45	5	43
34	41	11	33	29	31
32	31	6	30	34	21
15	17	1	7	12	35
26	22	2	29	12	10
41	43	14	16	38	31
32	10	2	36	41	24
41	44	43	39	16	33
2	44	32	36	20	18
26	37	29	16	11	19
3	25	45	42	18	39
19	45	29	17	3	40
32	38	14	39	37	3
42	1	17	19	23	22
12	25	40	9	21	27
37	35	30	19	4	5
44	17	8	15	13	43
21	25	14	26	16	27
1	18	24	41	11	32
13	4	39	14	3	43
1	25	27	35	18	41
42	3	9	31	45	19
1	17	38	42	31	36
24	28	41	45	10	19
1	43	30	18	16	45
25	9	11	3	7	34
2	20	36	33	30	34
11	22	3	17	19	27
28	12	11	26	2	32
2	12	45	38	37	5
21	1	30	13	33	4
39	23	11	29	44	1
17	28	30	20	18	32
10	38	14	28	21	18
34	37	5	11	10	29
15	11	1	38	20	31
44	13	38	4	36	24
13	40	41	27	16	33
38	35	42	20	24	16
16	42	15	8	22	5
28	36	27	20	40	18
30	35	20	45	1	42
38	28	13	44	25	21
32	7	44	4	21	35
10	26	25	3	39	33
28	12	26	1	10	35
5	2	18	28	6	15
35	38	28	14	40	31
22	24	20	43	40	23
9	40	41	14	32	6
30	5	9	25	42	28
18	19	22	35	17	31
8	6	15	4	26	28
11	20	27	21	23	38
34	27	14	21	6	17
6	11	38	12	39	42
17	43	41	22	20	29
34	1	35	23	6	17
13	5	8	32	2	3
30	12	27	14	26	16
18	24	37	36	19	20
39	35	25	43	21	33
34	45	42	10	39	19
22	29	32	39	41	8
40	26	6	16	25	22
40	39	28	18	34	35
40	7	35	9	43	34
7	25	6	38	36	42
16	12	14	25	27	36
36	27	18	37	40	44
38	8	34	41	9	32
18	6	44	38	37	27
30	40	12	26	1	28
39	1	11	31	21	35
19	3	18	17	7	14
5	31	26	13	24	29
18	32	12	37	40	23
20	19	4	21	10	35
25	15	7	16	23	12
24	14	41	38	27	33
16	38	10	30	36	28
32	34	15	1	9	40
10	39	19	32	26	4
7	39	42	32	30	45
15	23	39	38	18	41
29	1	42	10	28	43
36	20	32	39	22	12
31	34	20	45	12	24
23	45	25	19	16	14
31	42	5	2	8	10
29	17	21	20	34	27
23	42	2	44	11	30
36	35	5	32	40	14
43	6	36	16	26	13
3	35	19	15	31	42
26	18	31	19	8	39
12	28	15	1	45	42
2	36	42	11	5	17
25	41	43	4	22	38
18	5	32	24	6	25
35	39	1	23	21	38
28	31	14	32	27	8
2	8	16	18	39	22
1	7	36	45	40	43
19	24	30	14	13	3
34	10	23	18	9	2
24	3	31	14	15	36
8	34	37	32	45	16
22	36	41	6	18	28
13	29	26	34	30	28
33	44	37	27	14	41
4	42	13	1	25	37
11	21	35	40	1	34
29	14	23	25	30	5
37	29	35	19	18	34
29	26	22	27	33	6
16	25	38	9	10	27
14	42	20	17	34	16
14	35	44	42	16	3
21	17	31	39	33	34
36	34	2	7	33	6
28	15	17	26	5	9
44	15	43	22	39	24
29	40	23	28	34	31
41	19	22	15	32	43
24	33	40	14	13	20
41	18	5	44	7	26
21	18	23	5	3	44
5	28	43	7	41	42
16	35	45	40	37	33
12	6	18	1	34	3
5	43	13	4	34	23
42	14	19	43	38	20
40	42	15	29	4	5
26	12	44	34	40	43
21	26	19	24	33	22
22	4	31	17	30	1
8	36	32	7	13	18
20	33	15	30	32	14
7	43	36	30	29	37
21	41	11	25	40	5
18	1	43	11	25	36
23	27	41	22	35	36
14	15	6	21	1	23
14	25	32	1	7	3
40	18	32	31	15	3
40	43	3	1	28	41
22	6	45	26	3	33
28	15	9	45	18	5
3	23	45	1	9	27
32	6	36	16	37	43
9	22	35	37	10	32
39	2	31	27	37	44
19	1	4	42	2	30
9	30	26	29	5	41
28	23	42	29	25	18
39	16	11	2	6	13
41	8	9	19	23	35
17	18	11	16	25	40
7	25	39	29	10	43
23	29	12	1	38	36
10	41	5	6	8	40
3	6	16	23	30	33
9	38	17	25	2	11
18	31	16	38	24	7
11	13	19	33	43	29
42	35	10	12	32	9
39	28	11	8	18	2
1	37	44	18	8	38
27	1	36	37	6	15
33	31	28	22	27	13
13	45	8	34	17	32
3	25	15	14	17	27
29	42	10	6	9	11
30	27	9	21	16	17
33	42	6	21	18	31
25	20	30	37	2	14
42	44	17	1	18	34
39	10	24	23	34	7
36	17	38	37	3	8
9	14	2	21	28	5
29	35	24	2	43	22
17	16	29	8	14	28
33	34	37	31	15	5
11	24	9	40	28	35
37	11	23	9	15	38
23	39	45	20	42	9
25	34	13	7	33	9
18	40	19	32	4	37
4	21	45	13	6	18
15	30	35	9	29	1
11	23	3	37	40	1
8	4	28	6	5	3
34	19	30	27	42	32
33	17	27	10	15	35
41	36	35	27	14	12
21	11	2	31	13	45
1	19	23	41	37	2
22	36	45	32	4	40
3	18	25	38	20	2
10	22	4	16	14	41
14	38	30	1	45	31
14	12	29	25	26	30
38	3	12	16	36	5
17	8	36	34	20	28
7	24	2	31	41	25
14	12	27	26	10	43
32	34	25	7	33	1
41	44	6	21	24	10
14	21	42	22	30	43
17	18	23	3	10	13
28	39	27	18	21	19
22	27	29	34	31	25
43	8	23	37	2	33
10	20	5	33	45	42
32	37	42	23	13	7
16	10	3	1	37	40
11	10	38	14	3	30
23	32	34	42	3	27
29	36	34	10	39	27
34	8	5	31	45	39
19	27	23	13	39	21
15	33	31	21	36	27
2	12	24	13	44	23
25	42	20	41	21	13
4	6	39	45	20	9
27	19	15	14	24	11
41	39	13	34	19	1
3	14	25	37	20	18
42	26	5	23	44	43
8	35	23	25	36	43
5	10	42	15	35	11
42	26	12	13	41	35
37	43	24	1	23	2
28	22	41	3	33	24
33	44	9	14	26	20
20	29	14	44	37	36
40	45	5	37	4	25
32	18	40	43	17	12
35	19	8	21	42	29
3	43	37	21	18	17
25	1	32	9	17	24
33	31	11	39	8	29
42	4	40	11	16	7
4	2	30	15	22	17
36	23	11	44	13	32
8	10	1	9	18	43
37	44	41	38	21	15
27	24	19	10	6	5
22	38	27	21	1	4
20	28	29	18	8	37
9	8	15	19	25	38
26	9	4	20	11	34
37	17	15	19	41	12
42	30	31	33	4	39
21	33	29	42	1	38
3	43	20	15	25	23
28	36	14	17	13	32
23	34	30	19	45	41
37	20	34	15	27	29
42	24	40	45	6	20
5	2	14	1	16	39
41	5	11	7	25	28
23	30	14	33	26	13
35	11	3	9	15	39
7	5	31	30	27	3
24	33	22	43	36	41
36	15	32	12	43	25
9	35	36	20	6	12
20	34	36	7	26	15
24	17	18	13	29	5
24	18	43	28	21	14
9	40	19	43	39	18
1	40	8	20	37	18
37	27	16	18	40	41
33	24	36	39	23	40
27	33	29	30	32	2
18	7	37	35	34	45
8	18	32	40	37	5
39	2	33	25	29	22
33	25	5	42	30	45
14	20	44	11	30	34
6	33	8	40	44	41
38	28	16	2	15	30
6	22	16	14	24	45
13	3	40	17	37	12
44	3	31	45	38	23
7	29	32	45	21	20
35	41	13	34	28	2
20	29	37	12	41	17
1	11	28	35	10	30
19	41	33	27	43	24
29	30	9	33	11	12
33	6	40	39	15	7
32	31	33	10	41	38
26	30	32	39	34	3
17	18	15	13	40	42
11	16	35	3	15	34
4	43	3	34	35	25
24	15	22	11	2	16
38	16	9	22	44	4
6	10	42	24	14	16
36	11	44	7	22	23
21	12	28	25	33	3
15	43	35	28	12	29
41	26	44	22	43	8
2	16	11	41	36	25
44	18	38	3	43	17
44	28	43	16	26	20
20	28	8	43	13	3
32	15	38	25	22	10
26	17	36	16	18	11
32	44	40	15	41	8
21	31	40	28	38	22
25	43	36	10	28	32
32	30	40	42	13	2
42	33	31	39	43	40
45	16	23	20	19	32
34	3	13	38	27	30
2	41	34	32	36	3
41	17	15	3	2	35
7	3	26	19	34	23
42	36	43	14	34	23
16	22	23	29	11	20
32	35	43	9	37	31
30	7	16	33	32	1
17	8	9	18	6	14
4	3	7	12	9	18
29	32	28	24	5	27
5	27	28	2	36	31
41	33	37	16	15	5
14	44	37	18	2	27
15	43	45	1	18	8
13	32	31	33	37	17
40	41	22	27	11	3
1	20	35	34	7	31
18	39	35	6	8	1
29	17	33	45	7	14
22	18	5	9	20	19
10	16	40	24	8	23
9	6	1	30	29	36
14	5	33	44	24	29
7	40	11	41	25	3
35	4	26	41	5	12
44	13	30	38	26	35
1	6	17	28	14	33
38	5	41	12	1	15
29	27	39	18	19	7
18	25	44	14	22	35
39	27	17	13	30	22
25	20	12	41	38	44
2	17	39	10	25	41
12	13	11	31	29	41
26	18	30	41	12	1
31	45	40	14	26	8
1	39	23	5	7	17
11	20	7	9	30	26
25	44	43	8	5	45
25	12	37	32	8	10
21	2	5	16	24	22
6	39	22	10	43	13
38	5	39	17	42	13
16	13	21	24	26	22
25	3	33	15	13	34
45	3	17	37	31	18
27	18	36	17	35	14
26	40	13	43	45	31
31	36	5	20	25	4
37	39	12	30	19	14
28	20	32	21	26	19
1	29	9	33	14	3
36	35	34	28	25	7
18	38	30	24	16	44
6	39	13	41	8	12
41	24	29	43	31	9
26	21	45	5	28	42
24	30	6	8	4	19
22	19	8	15	1	40
40	36	22	29	18	34
7	25	42	29	14	24
1	31	35	17	42	34
35	11	42	17	8	23
42	43	1	35	33	21
29	27	22	35	5	45
17	3	44	15	19	2
43	27	24	45	35	23
45	2	13	34	8	32
35	34	18	40	30	11
36	42	34	2	37	16
7	22	25	44	8	37
44	45	29	13	32	11
25	32	38	2	28	27
32	15	22	18	4	28
42	6	37	35	30	36
45	28	3	36	9	13
1	37	20	6	39	25
44	28	14	10	22	41
7	26	25	19	34	8
21	9	39	17	6	3
7	9	17	19	31	44
22	36	4	13	40	15
45	30	40	7	34	11
36	7	41	13	8	2
2	21	28	42	31	26
7	43	44	20	9	39
45	10	42	18	9	21
45	26	44	19	40	41
35	30	11	21	38	6
29	23	4	39	36	32
13	40	37	1	30	27
17	32	26	41	19	9
44	22	23	29	36	19
37	24	3	28	12	21
11	44	26	3	22	34
17	21	39	2	16	36
23	24	18	45	16	41
24	15	32	5	19	14
38	40	4	17	16	29
17	29	45	5	1	23
6	45	25	39	28	34
21	45	33	42	25	3
43	25	6	14	12	11
38	22	26	18	37	31
37	3	36	31	10	26
9	25	44	32	41	37
25	42	12	9	7	45
16	10	27	31	18	37
16	38	3	36	31	4
28	16	17	35	10	24
33	20	17	34	27	37
40	24	44	20	1	28
36	29	35	6	33	8
32	8	41	25	9	40
18	44	39	17	20	19
45	3	16	6	12	15
9	18	22	44	31	4
16	45	1	42	37	29
5	27	17	13	30	20
40	35	38	36	44	4
23	26	14	35	18	1
11	42	8	38	35	21
31	19	43	20	38	30
14	7	22	18	42	40
45	12	15	44	26	2
38	4	13	27	20	7
4	33	10	7	17	41
16	45	29	20	11	21
42	25	21	9	40	4
31	8	17	3	15	36
32	23	44	27	22	15
30	1	24	11	2	45
33	24	3	45	1	21
6	44	5	2	13	24
6	23	18	44	12	38
31	11	17	23	25	7
1	24	39	27	41	13
39	43	1	13	30	4
21	28	3	20	2	33
42	44	6	21	39	26
27	30	40	4	41	31
25	18	30	29	27	19
18	9	35	29	43	36
43	39	25	17	36	24
39	14	21	15	27	37
43	6	1	18	35	16
3	38	22	17	35	7
17	38	12	44	7	16
2	1	18	35	6	19
1	35	15	21	41	8
43	6	10	9	34	4
9	26	3	23	6	14
25	1	3	36	37	4
10	3	29	4	25	31
43	38	32	10	36	14
38	21	44	31	24	11
34	41	3	6	18	4
31	32	14	33	2	45
43	22	32	20	41	17
22	4	21	33	8	32
40	6	16	33	20	17
22	11	28	30	7	29
27	7	5	3	10	30
1	12	44	14	2	29
3	12	21	10	37	43
6	36	15	1	26	17
42	17	15	27	3	10
43	1	29	39	27	30
12	18	21	38	26	42
41	37	3	33	45	25
22	43	1	16	7	38
30	43	14	3	12	25
17	38	8	19	30	32
12	14	44	36	28	18
5	28	12	23	40	37
26	39	19	44	5	15
23	6	15	45	17	35
1	45	11	27	40	14
33	6	32	16	44	19
43	10	35	16	2	28
28	19	32	13	31	21
45	1	43	3	11	8
20	32	16	33	11	22
33	41	22	15	30	11
29	34	35	32	10	13
34	6	17	12	3	37
30	21	39	22	2	24
38	33	35	28	4	2
31	6	1	34	13	8
36	1	12	26	13	11
28	14	25	17	9	33
13	33	23	40	41	8
11	7	16	20	4	19
20	4	11	28	1	40
26	42	6	41	11	29
34	7	31	9	39	38
36	17	33	30	19	7
9	32	10	4	18	25
37	23	45	39	36	34
14	42	25	40	38	2
38	33	37	32	42	44
34	29	44	31	4	17
44	33	14	6	17	1
42	3	26	43	34	10
29	45	26	9	28	39
30	28	22	1	2	32
37	24	12	43	3	8
28	34	42	15	30	44
1	41	4	29	5	43
3	13	36	10	37	38
11	43	15	4	34	32
40	28	19	23	35	22
32	45	26	12	39	43
23	16	2	21	45	33
4	29	14	1	43	23
39	44	24	15	11	42
2	15	5	3	14	25
43	12	26	3	17	34
43	13	25	3	18	6
22	24	35	10	16	15
42	41	19	38	10	27
18	11	35	28	5	30
9	45	39	27	7	23
30	4	26	40	28	9
15	2	5	36	30	8
27	43	4	7	37	11
30	27	41	6	17	42
21	35	43	28	44	15
39	31	9	18	44	7
24	7	18	3	9	26
3	26	44	5	10	28
24	32	13	10	9	31
31	42	35	41	43	9
44	30	14	28	2	39
38	5	2	23	30	17
38	14	23	26	34	19
21	37	38	15	13	4
10	3	27	19	30	11
5	31	41	29	28	17
39	32	45	2	41	29
6	18	36	8	37	5
8	39	18	26	7	34
43	24	27	40	7	33
29	18	43	38	45	42
10	35	5	15	11	38
21	33	42	13	1	6
19	33	14	41	8	24
32	15	30	11	8	41
31	5	44	23	42	30
44	3	39	4	32	7
3	29	30	35	25	32
10	9	31	22	44	18
30	11	18	1	19	40
4	31	30	1	11	25
5	29	39	26	41	17
33	10	23	2	21	29
22	45	19	35	16	34
41	25	7	27	6	8
17	30	15	28	14	20
19	17	21	23	36	39
3	9	43	39	1	16
32	4	1	37	24	38
44	1	29	4	14	18
33	43	3	18	28	12
23	12	44	35	21	8
43	32	37	11	42	15
42	9	18	45	44	23
22	29	2	38	11	24
15	40	42	19	39	6
37	13	38	5	42	20
13	33	19	24	3	6
2	26	45	11	5	34
13	39	12	30	2	4
45	9	28	6	40	13
21	32	13	19	22	8
7	33	22	23	5	26
14	21	40	22	3	24
8	31	36	25	1	26
23	43	39	6	11	10
35	30	5	45	19	40
30	34	14	11	44	20
40	35	33	6	19	28
10	20	42	30	33	31
41	24	19	39	13	17
6	5	27	2	1	43
41	15	6	5	34	33
9	38	6	20	17	19
24	45	17	31	3	2
9	1	5	35	23	33
28	16	45	6	8	30
28	6	1	42	3	39
10	23	17	7	39	22
45	29	22	41	30	44
21	5	1	19	30	25
38	44	4	15	27	45
11	37	3	23	6	21
17	18	7	21	11	28
4	16	33	43	5	23
14	31	45	16	20	32
38	28	24	26	14	13
8	30	10	31	35	13
37	12	4	7	22	6
17	2	15	27	26	25
24	44	13	10	7	27
27	35	44	23	12	8
39	40	36	6	12	28
14	1	35	18	36	17
2	22	29	21	26	45
7	9	13	18	17	8
22	41	31	19	28	25
26	1	40	42	32	29
24	5	4	29	28	33
11	24	4	8	28	19
21	20	22	7	25	30
18	40	17	24	15	32
22	10	36	7	44	6
9	34	28	38	14	25
33	6	7	14	37	5
37	2	45	21	22	31
18	39	37	35	32	9
18	42	10	38	4	11
8	43	3	36	33	45
39	10	11	43	20	42
11	21	45	29	16	14
35	25	21	36	20	5
40	38	6	24	12	45
3	27	25	17	12	28
25	20	16	32	13	35
27	17	4	37	1	40
40	5	1	31	22	26
2	43	21	20	5	12
10	13	39	38	29	27
24	40	2	22	28	11
27	5	22	32	45	7
43	21	27	44	39	19
36	10	14	22	28	21
9	43	30	23	5	20
11	35	25	2	15	4
24	22	16	28	23	33
5	11	41	23	38	31
11	30	43	40	4	16
19	38	42	10	41	40
2	31	8	44	14	45
1	27	8	15	34	9
19	39	8	14	17	23
41	35	34	38	1	37
3	33	35	36	12	10
45	23	18	42	33	22
19	1	11	26	45	38
18	24	41	10	23	19
20	44	28	9	43	14
21	14	28	38	32	22
9	44	17	29	25	38
15	22	9	4	32	31
27	5	12	31	43	36
34	14	18	19	31	36
17	42	28	14	43	20
3	10	4	7	32	39
10	18	36	41	26	28
30	32	36	29	34	40
5	4	36	37	25	44
1	22	10	32	40	15
39	18	5	4	3	34
30	44	20	16	10	12
6	45	9	10	16	22
38	31	27	36	3	18
28	23	10	33	26	3
38	45	44	11	18	17
15	37	45	43	13	9
18	14	37	45	31	3
44	43	31	39	10	35
15	10	2	22	9	35
35	16	44	4	24	36
22	35	11	31	12	21
28	4	38	26	34	35
31	30	7	10	43	12
37	44	18	43	32	36
35	13	16	21	28	40
11	20	23	32	25	37
12	17	20	25	37	3
7	11	21	41	3	4
43	13	8	17	24	14
1	44	21	16	40	3
27	1	12	21	35	17
43	31	36	8	12	41
14	41	44	31	17	38
28	5	31	6	14	16
13	28	27	8	45	43
7	25	31	18	17	30
44	9	38	43	34	45
33	18	32	6	34	12
24	10	7	38	25	33
35	40	31	16	22	37
42	13	2	4	28	14
23	27	2	42	38	7
21	32	23	7	28	42
28	12	27	10	3	21
29	5	40	11	10	18
11	16	41	1	3	17
24	45	4	15	39	17
3	38	36	23	22	21
6	30	44	4	7	39
24	37	8	29	45	32
42	39	37	20	31	24
26	6	10	3	9	33
41	3	28	11	1	20
28	4	43	41	37	12
6	11	5	36	44	2
29	36	37	31	11	40
40	21	16	10	35	1
31	19	5	29	36	1
6	24	12	11	29	28
15	33	9	35	2	27
44	1	28	9	19	3
33	12	4	26	23	30
2	35	25	31	14	41
34	29	33	22	36	41
34	30	19	45	18	21
21	6	43	19	37	34
25	27	15	43	39	4
32	36	37	40	18	38
6	31	9	2	21	5
24	2	20	18	45	16
19	1	2	16	7	11
25	36	43	12	42	7
44	16	8	17	12	20
41	42	28	21	31	19
13	21	19	41	12	9
1	9	42	41	7	15
14	38	35	33	3	30
5	36	40	17	43	20
43	4	33	28	39	15
32	10	27	7	16	35
5	16	8	32	44	33
6	39	18	26	38	7
18	38	7	25	21	22
5	24	20	17	15	30
6	39	19	18	38	22
30	35	19	28	41	6
11	1	40	13	22	43
6	19	38	36	16	24
34	4	30	26	31	13
29	7	32	18	39	10
34	35	1	2	28	20
43	2	40	22	19	35
32	30	24	41	34	33
14	1	39	5	23	36
39	38	13	10	33	34
11	38	15	43	34	18
15	16	6	24	7	4
14	13	32	37	42	24
36	32	10	9	31	39
10	37	30	2	41	5
16	1	38	11	36	43
21	19	44	25	33	22
34	17	28	12	4	21
2	3	12	22	21	23
25	7	44	37	24	21
33	16	3	24	40	28
12	38	1	35	13	6
45	35	15	25	3	29
22	7	11	42	34	36
45	6	21	35	25	18
35	20	29	43	39	25
35	22	4	18	44	41
35	45	2	1	12	3
27	17	41	38	12	9
26	3	25	17	20	12
20	32	34	14	21	1
13	14	31	12	20	4
34	16	36	31	7	38
29	16	38	23	26	15
1	42	7	45	43	6
15	41	20	11	24	37
15	31	9	19	5	16
27	12	5	17	25	15
18	27	23	30	26	38
17	21	25	10	3	34
4	28	43	1	19	42
39	21	10	25	12	30
2	18	9	1	44	25
2	38	18	28	35	6
25	6	13	45	12	32
32	15	19	23	18	41
37	6	3	40	35	28
25	35	43	39	24	33
30	8	37	29	36	28
1	27	21	25	28	16
9	26	42	10	22	28
40	23	34	3	19	8
39	28	22	34	38	2
10	14	19	17	20	32
20	15	23	37	21	19
16	13	11	35	26	6
20	3	30	10	8	7
40	35	19	11	21	2
17	23	14	11	16	9
26	1	8	28	27	32
44	11	27	38	34	2
6	19	44	40	41	35
10	22	42	33	7	37
4	25	22	17	34	39
39	20	11	3	25	22
26	35	17	21	20	18
2	31	37	15	32	17
24	5	41	45	7	44
37	44	34	20	15	13
7	23	17	26	33	4
16	23	6	21	40	31
4	25	13	8	1	28
17	43	28	11	32	31
21	18	29	11	5	38
7	41	22	15	44	21
44	21	10	13	45	5
25	20	9	13	39	38
25	40	23	41	17	8
9	29	36	17	13	38
38	14	18	44	37	7
18	42	17	1	20	37
8	12	17	43	34	28
39	7	3	9	1	37
45	25	26	1	2	30
42	30	39	29	3	45
33	16	20	29	17	43
41	19	14	20	31	13
18	32	16	15	44	28
4	20	29	24	14	6
24	11	27	25	5	41
34	41	30	1	45	19
20	19	29	9	12	17
11	19	32	37	12	44
17	40	22	25	3	7
16	38	3	7	31	22
40	26	37	22	28	35
16	44	42	22	30	3
33	45	28	12	35	7
26	20	36	34	32	27
17	2	5	29	31	45
10	13	43	6	2	4
19	29	7	10	44	35
41	37	21	14	43	22
8	16	23	6	33	13
18	13	41	25	12	21
27	6	21	1	36	10
41	42	14	31	25	6
15	3	10	42	19	34
6	1	15	43	11	9
21	24	27	3	26	32
43	2	42	16	34	14
35	36	23	17	25	14
7	15	17	3	28	33
2	38	14	36	10	20
29	17	9	34	4	18
2	40	32	43	7	35
10	35	36	44	14	26
6	16	17	39	11	15
38	40	5	23	41	4
20	29	37	27	30	41
21	39	4	44	5	7
17	26	13	3	22	35
40	30	7	9	13	33
10	40	36	43	31	6
24	27	20	12	1	19
45	42	31	34	41	26
38	18	28	32	6	29
12	4	9	30	29	40
5	35	44	28	3	42
17	24	29	44	32	15
39	13	43	37	17	23
16	28	11	15	39	2
1	5	26	11	13	32
1	15	30	17	21	20
4	38	44	7	9	2
21	2	16	23	27	8
24	39	28	36	44	21
18	17	36	16	2	14
4	13	41	44	8	32
3	15	29	38	25	35
34	30	28	13	19	29
8	23	36	6	21	24
24	18	44	31	4	40
5	18	7	22	39	2
32	4	23	33	39	8
5	18	12	36	32	20
43	35	25	41	12	19
27	4	1	32	43	31
3	39	44	41	16	33
9	18	10	29	20	35
9	31	36	43	5	6
10	34	11	41	36	37
28	13	41	33	15	23
15	22	2	37	13	28
41	5	19	15	7	20
15	11	21	27	35	29
43	6	13	29	23	45
32	36	41	39	7	3
17	39	3	44	31	10
27	28	11	22	16	15
27	33	7	38	3	41
26	20	29	37	28	35
28	17	30	39	15	19
41	10	24	5	23	11
43	42	4	21	41	12
34	4	19	41	45	5
24	17	4	8	5	25
11	2	38	3	34	15
37	39	28	42	14	24
16	45	44	30	22	1
20	14	41	13	38	42
8	38	13	42	2	40
4	24	26	37	12	43
23	12	21	7	35	1
25	37	32	5	3	10
41	20	5	24	45	27
35	25	11	15	12	42
34	41	17	10	44	8
15	29	12	21	37	20
14	8	29	10	19	34
41	21	13	1	45	36
28	11	45	9	33	24
25	6	21	37	7	4
8	9	38	1	41	7
44	7	34	14	43	6
16	42	14	39	30	8
12	16	14	15	36	40
21	4	7	43	44	25
22	38	25	10	12	17
35	30	38	20	24	27
28	21	14	9	4	23
45	2	6	31	42	35
43	33	25	4	21	35
5	38	41	36	31	22
14	45	34	41	44	22
25	33	11	23	12	31
5	7	14	18	2	1
37	18	8	17	3	1
20	26	35	1	43	30
26	37	16	4	32	29
45	41	42	2	28	19
27	41	16	42	40	33
10	42	15	1	36	26
4	37	21	24	32	7
29	26	14	9	33	3
2	29	32	17	30	16
32	25	40	11	20	16
40	18	37	36	31	27
38	45	32	33	34	21
16	32	39	6	36	35
14	35	18	29	25	37
6	10	44	9	22	15
44	41	32	17	36	39