06 01 15 34 47 31 17
14 03 11 33 04 17 12
21 24 23 09 02 20 16
03 12 48 22 25 20 16
27 49 09 22 07 06 14
47 08 49 45 40 03 33
26 12 27 34 04 17 41
47 46 43 10 02 05 35
40 29 04 32 13 01 38
25 05 35 04 21 49 38
18 33 02 01 22 27 04
14 33 22 25 06 21 48
48 17 37 30 31 25 44
26 43 47 01 16 41 21
12 35 17 49 15 40 19
44 41 14 26 22 02 06
23 22 04 19 46 47 27
22 15 33 27 29 03 20
45 34 24 46 10 19 28
38 30 39 06 37 28 26
40 45 35 32 41 42 49
26 37 32 05 07 46 02
34 42 35 04 07 48 44
47 40 49 45 11 04 27
20 24 33 36 19 23 48
30 39 41 14 02 36 15
21 30 16 17 28 42 08
13 43 02 47 49 05 42
32 07 16 11 22 17 25
37 09 44 27 36 24 15
14 46 10 44 36 18 05
16 02 27 26 09 37 20
14 27 17 37 29 47 16
24 28 05 01 48 26 18
26 23 01 13 43 05 29
19 23 40 01 32 06 04
03 14 08 43 28 02 48
42 34 14 47 35 11 02
34 21 19 32 36 17 26
11 12 08 07 26 33 30
48 10 09 37 43 30 33
21 48 18 14 02 47 38
03 46 21 10 22 47 48
28 36 12 42 37 49 41
22 10 14 16 32 30 45
47 46 22 27 04 08 44
02 22 46 41 11 36 47
48 42 14 26 01 16 34
32 43 34 38 11 07 01
06 24 18 27 03 38 25
31 14 29 16 44 26 19
41 31 11 24 23 04 45
27 34 30 20 04 03 15
45 29 40 31 09 39 49
36 06 21 18 37 26 13
43 21 10 09 41 07 32
30 46 27 35 23 12 16
33 44 30 47 07 20 41
28 42 26 18 27 17 43
26 21 45 37 16 09 04
08 22 01 47 19 07 12
14 46 38 47 49 26 19
28 19 46 34 42 44 16
34 10 06 47 30 43 13
12 43 41 13 02 32 16
19 02 25 44 42 26 18
38 22 23 10 33 42 13
23 20 41 06 34 28 02
07 19 47 22 37 15 06
09 30 33 10 48 20 18
03 47 18 28 30 23 13
35 22 37 23 14 13 38
47 13 37 14 01 40 28
06 31 30 49 19 32 01
13 37 33 15 34 36 35
35 08 13 05 02 07 32
09 25 13 32 05 28 14
39 25 41 38 02 18 06
18 12 22 38 46 48 45
48 13 01 34 46 31 22
25 40 42 02 45 11 03
24 32 44 05 12 25 28
25 47 35 26 32 16 15
14 04 02 01 42 43 30
25 15 27 19 14 01 12
26 35 18 20 13 06 02
10 20 21 48 14 23 43
27 01 31 36 15 34 33
23 29 32 15 47 10 43
10 46 44 37 11 12 08
25 47 23 35 27 09 40
48 07 30 26 20 16 28
46 12 09 04 13 17 34
39 18 36 13 16 47 44
11 27 20 49 02 05 31
19 09 39 31 15 06 02
38 21 44 24 06 09 42
49 05 15 46 17 04 40
41 03 07 47 31 34 33
25 18 27 32 16 48 06
13 36 34 06 29 15 10
13 29 33 06 24 35 18
27 08 20 26 29 22 05
22 33 01 45 34 27 16
17 03 06 29 11 36 38
45 09 48 38 35 12 10
24 07 11 43 16 25 29
23 12 33 45 27 02 15
43 03 41 34 17 37 22
46 44 24 34 33 32 43
05 09 18 01 25 14 19
13 43 39 29 04 48 11
47 01 20 24 17 13 26
38 06 27 22 30 09 26
02 22 01 39 15 27 47
06 23 05 42 24 18 10
10 21 31 49 46 23 39
19 26 01 03 36 10 09
10 14 47 13 30 02 29
43 30 28 27 19 35 44
18 08 04 11 19 24 26
19 34 24 39 38 35 28
42 19 35 44 05 02 12
13 40 39 08 27 03 26
17 18 38 43 39 49 04
24 12 38 30 40 25 01
17 27 45 31 28 12 43
20 17 16 23 11 01 03
42 37 01 38 27 11 35
13 11 29 02 14 10 12
32 05 30 10 35 34 43
10 45 47 44 07 27 46
14 28 19 45 05 13 10
03 30 43 21 16 06 17
38 17 21 43 30 28 39
24 10 39 45 12 20 11
45 20 16 26 33 09 23
39 18 29 26 08 23 47
49 03 13 44 33 07 19
29 33 34 10 03 39 07
08 40 06 01 11 19 10