22
13
21
1
11
10
4
22
10
20
20
14
1
13
17
9
11
17
22
22
8
23
9
14
16
1
14
25
4
24
1
7
23
18
24
23
10
22
7
25
16
2
19
9
24
22
8
5
22
3
15
19
24
11
3
12
13
6
9
11
12
2
12
7
7
4
15
10
3
3
14
1
12
3
11
7
6
7
6
14
4
7
11
6
10
6
1
10
10
15
6
14
11
3
9
8
9
5
10
5
5
14
1
11
13
11
7
1
13
2
10
6
12
8
15
9
10
10
1
7
10
13
5
11
9
4
14
9
8
15
14
12
4
8
11
14
3
11
15
6
12
2
11
15
2
6
14
1
12
1
8
10
7
15
6
11
12
10
13
2
13
3
1
5
3
14
1
9
4
14
2
15
15
11
8
3
11
14
1
13
6
10
1
6
12
4
9
7
4
4
4
5
10
14
7
11
10
9
6
7
4
10
8
9
15
8
6
7
4
7
15
10
2
13
2
9
3
15
10
6
15
12
5
13
7
13
5
14
6
14
10
4
4
1
13
2
9
6
2
3
9
12
15
2
13
9
7
4
15
7
5
5
15
6
12
12
8
15
10
9
4
8
12
15
4
1
4
4
1
14
13
9
9
4
8
7
9
14
7
5
13
9
1
1
9
3
8
10
14
10
15
13
1
15
5
8
14
9
15
3
2
8
14
2
7
10
12
2
12
8
10
15
2
7
7
3
11
4
11
5
3
9
6
2
11
3
12
7
3
3
14
5
3
4
4
13
1
14
15
13
13
6
7
8
6
11
7
8
4
12
12
14
7
4
1
7
14
5
11
10
4
15
6
15
11
5
1
15
11
3
11
12
15
3
2
6
6
9
12
2
2
7
1
7
1
12
1
3
15
9
6
7
6
6
1
12
15
3
5
10
9
2
15
10
10
3
3
1
7
9
6
2
13
15
7
11
1
14
5
13
3
9
1
9
13
8
3
9
9
12
15
10
7
12
10
1
10
6
15
15
14
7
4
10
9
8
2
10
4
11
13
8
6
5
8
11
2
6
7
12
13
3
3
5
3
8
2
8
15
7
2
1
7
15
14
1
11
46
5
5
1
38
33
34
25
8
1
31
28
33
38
14
33
37
40
12
41
4
39
42
46
46
20
10
14
42
40
38
16
3
30
20
28
21
19
26
36
28
11
41
38
28
31
39
43
31
10
28
42
28
13
5
34
21
46
38
35
8
39
44
42
20
7
30
28
42
44
5
46
17
6
1
13
14
14
1
19
39
29
32
36
19
16
41
13
4
44
46
24
27
44
36
34
11
6
24
38
44
1
42
29
15
3
15
9
28
26
34
36
20
11
31
16
45
39
34
30
24
32
8
7
2
37
26
5
3
17
34
21
21
45
34
20
13
11
4
45
25
22
45
31
11
16
1
6
8
19
38
38
37
39
40
2
33
25
39
40
23
24
20
30
7
31
11
44
5
36
3
37
3
27
20
4
35
9
23
33
8
27
19
34
46
23
1
8
14
31
27
6
44
39
45
36
43
38
3
21
27
4
1
36
41
8
17
42
26
27
19
11
29
37
36
39
24
45
45
19
20
18
36
23
22
44
13
15
19
28
35
10
38
40
6
9
45
19
26
33
4
17
24
24
7
13
31
13
10
42
30
45
9
34
9
16
29
15
17
43
29
15
11
9
19
43
4
43
37
45
6
24
7
25
7
31
42
18
13
18
6
31
18
4
20
5
8
37
20
42
9
7
16
29
12
29
36
9
12
2
8
33
35
21
10
11
15
46
14
26
18
41
10
15
19
27
43
18
25
26
13
1
20
23
9
38
31
31
36
33
36
12
30
32
42
8
26
19
34
14
41
36
25
35
21
24
7
46
25
6
23
30
26
25
17
26
12
9
40
8
40
6
18
25
44
32
3
26
19
41
22
13
25
13
41
16
32
25
40
18
36
5
23
12
41
9