<TICKER>	<PER>	<DATE>	<TIME>	<OPEN>	<HIGH>	<LOW>	<CLOSE>	<VOL>
ICE.BRN	D	20151001	000000	48.4000000	49.8300000	47.6200000	48.0600000	203872
ICE.BRN	D	20151002	000000	47.9900000	48.5000000	46.9300000	48.2200000	168210
ICE.BRN	D	20151004	000000	48.0800000	48.3000000	47.8400000	47.8800000	329
ICE.BRN	D	20151005	000000	47.8500000	49.8700000	47.8500000	49.2200000	122472
ICE.BRN	D	20151006	000000	49.3700000	52.2600000	48.8700000	52.1500000	188969
ICE.BRN	D	20151007	000000	52.1500000	53.1500000	51.2100000	51.7500000	133502
ICE.BRN	D	20151008	000000	51.7600000	53.5200000	51.2800000	53.3000000	116912
ICE.BRN	D	20151009	000000	53.3500000	54.0500000	52.2100000	52.4300000	111431
ICE.BRN	D	20151011	000000	52.5900000	52.8500000	52.5400000	52.8100000	57
ICE.BRN	D	20151012	000000	52.8400000	53.6200000	50.1600000	50.6300000	113516
ICE.BRN	D	20151013	000000	50.7500000	51.1400000	49.3400000	49.6600000	155811
ICE.BRN	D	20151014	000000	49.4000000	50.0200000	49.2100000	49.5800000	137821
ICE.BRN	D	20151015	000000	49.6000000	50.3500000	48.7000000	50.3300000	196420
ICE.BRN	D	20151016	000000	50.2100000	50.7000000	49.3100000	50.5000000	117065
ICE.BRN	D	20151018	000000	50.3800000	50.6800000	50.3800000	50.6200000	183
ICE.BRN	D	20151019	000000	50.6800000	50.6800000	48.5700000	48.9100000	148134
ICE.BRN	D	20151020	000000	48.8300000	49.2000000	48.2200000	48.5600000	133175
ICE.BRN	D	20151021	000000	48.5800000	48.6500000	47.5000000	47.8900000	157590
ICE.BRN	D	20151022	000000	47.9600000	48.7300000	47.6500000	48.2200000	121196
ICE.BRN	D	20151023	000000	48.3200000	48.6500000	47.4500000	48.0800000	130286
ICE.BRN	D	20151025	000000	48.0000000	48.0200000	47.9000000	47.9700000	177
ICE.BRN	D	20151026	000000	47.9600000	48.3300000	47.3000000	47.4600000	111572
ICE.BRN	D	20151027	000000	47.4300000	47.5700000	46.4100000	47.0300000	142338
ICE.BRN	D	20151028	000000	46.9100000	49.2300000	46.6100000	49.1200000	167425
ICE.BRN	D	20151029	000000	49.1500000	49.3800000	48.1700000	48.6100000	146932
ICE.BRN	D	20151030	000000	48.6600000	50.0000000	48.2800000	49.5000000	144156
ICE.BRN	D	20151101	000000	49.4200000	49.5000000	49.3700000	49.3900000	249
ICE.BRN	D	20151102	000000	49.3900000	49.6900000	48.6100000	48.7700000	106228
ICE.BRN	D	20151103	000000	48.9000000	50.9100000	48.4600000	50.2500000	185989
ICE.BRN	D	20151104	000000	50.2500000	50.8700000	48.4900000	48.9200000	195640
ICE.BRN	D	20151105	000000	48.8400000	49.0000000	47.9300000	48.1200000	106947
ICE.BRN	D	20151106	000000	48.0500000	48.5800000	47.2700000	47.6600000	100089
ICE.BRN	D	20151108	000000	47.4600000	47.6300000	47.4200000	47.4800000	210
ICE.BRN	D	20151109	000000	47.4800000	48.4100000	47.0100000	47.3000000	113105
ICE.BRN	D	20151110	000000	47.3200000	47.8600000	46.9600000	47.0500000	98189
ICE.BRN	D	20151111	000000	47.0800000	48.3700000	46.4200000	46.5900000	128222
ICE.BRN	D	20151112	000000	46.7400000	47.0700000	45.0000000	45.2000000	204889
ICE.BRN	D	20151113	000000	45.1600000	45.9500000	44.1600000	44.6000000	200301
ICE.BRN	D	20151115	000000	44.7000000	44.7000000	44.3900000	44.6100000	579
ICE.BRN	D	20151116	000000	44.6000000	45.1800000	43.1600000	44.8600000	187757
ICE.BRN	D	20151117	000000	44.7000000	45.1000000	43.5000000	43.9900000	152560
ICE.BRN	D	20151118	000000	43.9700000	44.7400000	43.3400000	44.2700000	167112
ICE.BRN	D	20151119	000000	44.3000000	44.7600000	43.7000000	44.2600000	115790
ICE.BRN	D	20151120	000000	44.2900000	45.5000000	44.0700000	44.4800000	161008
ICE.BRN	D	20151122	000000	44.3600000	44.5200000	44.2900000	44.4200000	201
ICE.BRN	D	20151123	000000	44.4400000	45.7300000	43.5700000	45.1100000	212833
ICE.BRN	D	20151124	000000	45.1100000	46.5000000	44.9200000	45.9100000	168879
ICE.BRN	D	20151125	000000	46.0400000	46.5000000	45.0300000	46.2800000	139556
ICE.BRN	D	20151126	000000	46.2300000	46.3200000	45.0000000	45.6200000	69638
ICE.BRN	D	20151127	000000	45.5700000	45.6300000	44.7900000	44.8700000	106395
ICE.BRN	D	20151129	000000	44.8600000	44.9500000	44.7900000	44.8100000	356
ICE.BRN	D	20151130	000000	44.8000000	45.7500000	44.4400000	44.5000000	167617
ICE.BRN	D	20151201	000000	44.6200000	45.1800000	44.0300000	44.2800000	139160
ICE.BRN	D	20151202	000000	44.3200000	44.6400000	42.4300000	42.6800000	228353
ICE.BRN	D	20151203	000000	42.7700000	44.6900000	42.6100000	44.0600000	166712
ICE.BRN	D	20151204	000000	43.9800000	44.8200000	42.6700000	43.2200000	199656
ICE.BRN	D	20151206	000000	42.7600000	42.9300000	42.7500000	42.9100000	211
ICE.BRN	D	20151207	000000	42.9000000	43.0000000	40.6000000	40.6600000	173323
ICE.BRN	D	20151208	000000	40.8200000	41.4500000	39.8100000	40.4600000	209238
ICE.BRN	D	20151209	000000	40.6300000	41.5900000	39.5700000	40.3300000	194350
ICE.BRN	D	20151210	000000	40.4300000	40.7000000	39.4600000	39.5500000	122954
ICE.BRN	D	20151211	000000	39.5700000	40.1300000	37.7300000	38.2700000	172687
ICE.BRN	D	20151213	000000	38.3900000	38.3900000	38.1200000	38.2700000	163
ICE.BRN	D	20151214	000000	38.2600000	38.6800000	36.7500000	37.9900000	213815
ICE.BRN	D	20151215	000000	38.1000000	39.6900000	37.8100000	38.4500000	227063
ICE.BRN	D	20151216	000000	38.4500000	38.7400000	37.1700000	37.5700000	196582
ICE.BRN	D	20151217	000000	37.6000000	37.9300000	36.7500000	36.9500000	151892
ICE.BRN	D	20151218	000000	36.8100000	37.7300000	36.4100000	36.5500000	181428
ICE.BRN	D	20151220	000000	36.5500000	36.7500000	36.3200000	36.4500000	940
ICE.BRN	D	20151221	000000	36.4600000	36.7500000	36.0400000	36.2300000	114135
ICE.BRN	D	20151222	000000	36.3600000	36.7200000	35.9800000	36.3800000	127226
ICE.BRN	D	20151223	000000	36.3700000	37.8800000	36.2800000	37.7900000	147350
ICE.BRN	D	20151224	000000	37.7700000	38.1000000	36.9100000	37.9300000	92540
ICE.BRN	D	20151227	000000	37.8400000	37.9500000	37.7500000	37.7600000	713
ICE.BRN	D	20151228	000000	37.7600000	37.8500000	36.4100000	36.6000000	71102
ICE.BRN	D	20151229	000000	36.5900000	37.9800000	36.5600000	37.3900000	100631
ICE.BRN	D	20151230	000000	37.2900000	37.5500000	36.3500000	36.6800000	91286
ICE.BRN	D	20151231	000000	36.5700000	37.9500000	36.1000000	37.6000000	113998
ICE.BRN	D	20160103	000000	37.8500000	38.4600000	37.7800000	38.3400000	3248
ICE.BRN	D	20160104	000000	38.3300000	38.9900000	36.7700000	37.3300000	177195
ICE.BRN	D	20160105	000000	37.2700000	37.5700000	36.2400000	36.5900000	164413
ICE.BRN	D	20160106	000000	36.6400000	36.6700000	34.1300000	34.3800000	221868
ICE.BRN	D	20160107	000000	34.5200000	34.7400000	32.1600000	33.7700000	180185
ICE.BRN	D	20160108	000000	34.0200000	34.7200000	32.7800000	33.2600000	141595
ICE.BRN	D	20160110	000000	33.3400000	33.3600000	32.9100000	32.9900000	381
ICE.BRN	D	20160111	000000	32.9500000	33.7300000	31.5200000	31.6000000	155020
ICE.BRN	D	20160112	000000	31.7700000	32.6900000	30.5000000	30.8300000	202482
ICE.BRN	D	20160113	000000	31.2500000	31.8300000	29.9400000	30.2400000	250587
ICE.BRN	D	20160114	000000	30.2300000	31.1900000	29.7000000	31.1000000	219498
ICE.BRN	D	20160115	000000	31.0000000	31.0200000	28.8200000	29.1100000	223796
ICE.BRN	D	20160117	000000	28.7300000	28.8000000	27.6700000	28.1300000	3629
ICE.BRN	D	20160118	000000	28.1500000	29.5700000	27.9900000	28.7400000	126746
ICE.BRN	D	20160119	000000	28.7000000	30.2400000	28.6000000	28.7300000	202176
ICE.BRN	D	20160120	000000	28.6600000	28.7500000	27.1000000	27.7900000	203548
ICE.BRN	D	20160121	000000	27.9900000	29.8400000	27.2900000	29.7200000	273127
ICE.BRN	D	20160122	000000	29.6200000	32.3000000	29.2900000	32.0800000	240280
ICE.BRN	D	20160125	000000	32.6900000	32.8100000	30.0000000	30.0900000	160814
ICE.BRN	D	20160126	000000	30.0100000	32.7200000	29.2700000	31.0900000	213503
ICE.BRN	D	20160127	000000	31.2000000	33.4900000	30.8400000	33.0100000	175106
ICE.BRN	D	20160128	000000	32.8400000	35.8400000	32.5600000	34.5500000	114751
ICE.BRN	D	20160129	000000	34.0000000	36.1700000	34.0000000	35.8700000	297335
ICE.BRN	D	20160131	000000	35.9100000	36.2500000	35.6600000	35.9100000	1337
ICE.BRN	D	20160201	000000	35.9200000	36.0500000	33.9200000	34.1300000	256570
ICE.BRN	D	20160202	000000	34.1200000	34.1300000	32.2300000	32.5700000	253895
ICE.BRN	D	20160203	000000	32.4100000	35.5300000	32.3000000	35.4700000	320545
ICE.BRN	D	20160204	000000	35.3200000	35.8400000	34.1500000	34.3900000	223450
ICE.BRN	D	20160205	000000	34.3900000	35.1400000	33.8100000	34.1300000	185374
ICE.BRN	D	20160207	000000	33.9900000	34.2100000	33.8800000	33.8800000	316
ICE.BRN	D	20160208	000000	33.8800000	34.6800000	32.7700000	33.2100000	164516
ICE.BRN	D	20160209	000000	33.1700000	33.5600000	30.2800000	30.8100000	256841
ICE.BRN	D	20160210	000000	30.9400000	31.9000000	30.3500000	30.9700000	232562
ICE.BRN	D	20160211	000000	30.8300000	31.3500000	29.9200000	31.1300000	243327
ICE.BRN	D	20160212	000000	31.3100000	33.4400000	30.8500000	32.6500000	259523
ICE.BRN	D	20160214	000000	32.7700000	32.9500000	32.6700000	32.8500000	401
ICE.BRN	D	20160215	000000	32.8900000	34.0900000	32.8100000	34.0300000	108049
ICE.BRN	D	20160216	000000	34.5100000	35.5400000	31.9200000	32.3000000	356911
ICE.BRN	D	20160217	000000	32.5400000	34.9900000	31.8200000	34.8700000	240099
ICE.BRN	D	20160218	000000	34.9100000	35.7300000	33.7900000	33.9900000	263401
ICE.BRN	D	20160219	000000	33.8800000	34.4600000	32.6800000	33.1200000	160221
ICE.BRN	D	20160221	000000	33.1500000	33.2200000	32.8500000	32.9700000	478
ICE.BRN	D	20160222	000000	32.9600000	34.9700000	32.9000000	34.6700000	149846
ICE.BRN	D	20160223	000000	34.5400000	35.1100000	32.9000000	32.9000000	167113
ICE.BRN	D	20160224	000000	32.9800000	34.6700000	32.3700000	34.4100000	207764
ICE.BRN	D	20160225	000000	34.3900000	35.7400000	33.3000000	35.0600000	84727
ICE.BRN	D	20160226	000000	35.1000000	37.0000000	34.7400000	35.1300000	52660
ICE.BRN	D	20160228	000000	35.4300000	35.4400000	35.2000000	35.2300000	453
ICE.BRN	D	20160229	000000	35.2500000	36.7400000	35.0800000	36.6400000	212398
ICE.BRN	D	20160301	000000	36.6000000	37.2500000	35.9500000	36.6000000	243836
ICE.BRN	D	20160302	000000	36.6200000	37.4000000	36.1000000	37.0600000	250894
ICE.BRN	D	20160303	000000	36.9300000	37.3700000	36.3500000	37.0600000	161152
ICE.BRN	D	20160304	000000	37.0400000	38.9500000	36.8200000	38.9300000	279692
ICE.BRN	D	20160306	000000	38.8800000	39.2000000	38.8700000	39.0100000	1008
ICE.BRN	D	20160307	000000	39.0200000	41.0400000	38.8800000	40.8300000	276213
ICE.BRN	D	20160308	000000	40.7100000	41.4800000	39.3100000	39.5400000	292559
ICE.BRN	D	20160309	000000	39.6500000	41.1800000	39.3900000	40.8400000	236068
ICE.BRN	D	20160310	000000	40.8900000	41.0000000	39.6300000	40.1600000	231872
ICE.BRN	D	20160311	000000	40.3300000	41.0300000	40.0200000	40.3800000	186989
ICE.BRN	D	20160313	000000	40.2500000	40.4700000	40.2000000	40.3400000	484
ICE.BRN	D	20160314	000000	40.3700000	40.5000000	38.8200000	39.7300000	209148
ICE.BRN	D	20160315	000000	39.6600000	39.7400000	38.3300000	38.9500000	184154
ICE.BRN	D	20160316	000000	39.1400000	40.4400000	38.8300000	40.2100000	163619
ICE.BRN	D	20160317	000000	40.4500000	41.6000000	40.4100000	41.4300000	161476
ICE.BRN	D	20160318	000000	41.3800000	42.5400000	41.0700000	41.4600000	174027
ICE.BRN	D	20160320	000000	41.3100000	41.3900000	41.0600000	41.0600000	437
ICE.BRN	D	20160321	000000	41.0700000	41.8800000	40.4800000	41.4100000	123496
ICE.BRN	D	20160322	000000	41.4700000	42.0800000	40.9700000	41.5800000	139340
ICE.BRN	D	20160323	000000	41.5600000	41.8200000	40.6100000	40.7300000	109379
ICE.BRN	D	20160324	000000	40.4000000	40.6400000	39.2200000	40.4500000	131305
ICE.BRN	D	20160327	000000	41.1600000	41.2800000	41.1100000	41.2000000	194
ICE.BRN	D	20160328	000000	41.2000000	41.6200000	40.2300000	40.7600000	40523
ICE.BRN	D	20160329	000000	40.8000000	40.8500000	39.4600000	40.0300000	132990
ICE.BRN	D	20160330	000000	40.1300000	41.3500000	39.8800000	39.9400000	168368
ICE.BRN	D	20160331	000000	39.8400000	40.8500000	39.5000000	40.1400000	207923
ICE.BRN	D	20160401	000000	40.1400000	40.4300000	38.5500000	38.7500000	203107
ICE.BRN	D	20160403	000000	38.6900000	38.6900000	38.2500000	38.2800000	793
ICE.BRN	D	20160404	000000	38.2900000	38.9200000	37.5000000	37.5800000	169038
ICE.BRN	D	20160405	000000	37.5000000	38.4400000	37.2700000	38.3300000	161928
ICE.BRN	D	20160406	000000	38.4000000	39.9400000	38.3400000	39.7500000	195498
ICE.BRN	D	20160407	000000	39.9000000	40.2900000	38.7000000	39.6600000	174065
ICE.BRN	D	20160408	000000	39.6800000	42.0100000	39.6200000	41.8900000	212185
ICE.BRN	D	20160410	000000	42.0000000	42.4500000	41.8800000	42.4400000	694
ICE.BRN	D	20160411	000000	42.4400000	43.0600000	41.4100000	42.8100000	178061
ICE.BRN	D	20160412	000000	42.7000000	44.8100000	42.5600000	44.2800000	231417
ICE.BRN	D	20160413	000000	44.4400000	44.9400000	43.7600000	43.9000000	210814
ICE.BRN	D	20160414	000000	44.0100000	44.6200000	43.2900000	43.7800000	143944
ICE.BRN	D	20160415	000000	43.8000000	44.0500000	42.2800000	42.8500000	182748
ICE.BRN	D	20160417	000000	40.8000000	40.8600000	40.1000000	40.5800000	9950
ICE.BRN	D	20160418	000000	40.5800000	43.4300000	40.5700000	43.1600000	262207
ICE.BRN	D	20160419	000000	43.1400000	44.5000000	42.6000000	43.8000000	217908
ICE.BRN	D	20160420	000000	43.5200000	45.8800000	42.8100000	45.5900000	210428
ICE.BRN	D	20160421	000000	45.5400000	46.1800000	44.4400000	44.7300000	209909
ICE.BRN	D	20160422	000000	44.7500000	45.9000000	44.3000000	45.1600000	150857
ICE.BRN	D	20160424	000000	45.1300000	45.1300000	44.9200000	44.9800000	301
ICE.BRN	D	20160425	000000	44.9500000	45.5900000	44.2600000	44.7600000	134011
ICE.BRN	D	20160426	000000	44.6900000	46.4900000	44.3600000	46.4200000	123824
ICE.BRN	D	20160427	000000	46.0900000	47.2000000	45.4400000	47.0000000	171626
ICE.BRN	D	20160428	000000	46.8700000	47.8200000	46.5100000	47.6800000	154012
ICE.BRN	D	20160429	000000	47.5800000	48.2900000	46.7600000	47.3200000	208921
ICE.BRN	D	20160501	000000	47.3700000	47.3900000	47.0100000	47.0100000	555
ICE.BRN	D	20160502	000000	47.0300000	47.3300000	45.7200000	45.9100000	122841
ICE.BRN	D	20160503	000000	45.8000000	46.4000000	44.6200000	45.2300000	196285
ICE.BRN	D	20160504	000000	45.2100000	46.0100000	44.1900000	44.9200000	205079
ICE.BRN	D	20160505	000000	45.0800000	46.7700000	44.6500000	45.2200000	197070
ICE.BRN	D	20160506	000000	45.1600000	46.1200000	44.1900000	45.2800000	191619
ICE.BRN	D	20160508	000000	46.0800000	46.4800000	46.0300000	46.2800000	2406
ICE.BRN	D	20160509	000000	46.3100000	46.3100000	43.4300000	43.4500000	214746
ICE.BRN	D	20160510	000000	43.4900000	45.7000000	43.3300000	45.4400000	193316
ICE.BRN	D	20160511	000000	45.5900000	47.7500000	44.8000000	47.4000000	229065
ICE.BRN	D	20160512	000000	47.3200000	48.1900000	46.8000000	47.9100000	193843
ICE.BRN	D	20160513	000000	47.8500000	48.1200000	47.2600000	47.8500000	147945
ICE.BRN	D	20160515	000000	47.8200000	48.1500000	47.7700000	47.9200000	1120
ICE.BRN	D	20160516	000000	47.9200000	49.4700000	47.8100000	49.1300000	158239
ICE.BRN	D	20160517	000000	49.0300000	49.7500000	48.5700000	49.3600000	158314
ICE.BRN	D	20160518	000000	49.3600000	49.8500000	48.4500000	48.5400000	196972
ICE.BRN	D	20160519	000000	48.6700000	48.8800000	47.3800000	48.8800000	194055
ICE.BRN	D	20160520	000000	48.9000000	49.3900000	48.0700000	48.7400000	150873
ICE.BRN	D	20160522	000000	48.7200000	48.8400000	48.5400000	48.6400000	414
ICE.BRN	D	20160523	000000	48.6200000	48.7000000	47.5800000	48.3900000	115800
ICE.BRN	D	20160524	000000	48.3500000	49.2400000	47.8000000	49.0400000	128133
ICE.BRN	D	20160525	000000	49.1600000	49.9600000	48.9100000	49.7800000	135533
ICE.BRN	D	20160526	000000	49.7600000	50.5100000	49.2500000	49.3300000	95972
ICE.BRN	D	20160527	000000	49.9700000	50.1300000	49.3400000	50.0300000	107284
ICE.BRN	D	20160530	000000	50.0200000	50.4300000	49.5500000	50.2800000	34555
ICE.BRN	D	20160531	000000	50.3000000	50.8700000	49.5000000	49.5200000	149012
ICE.BRN	D	20160601	000000	49.6500000	50.0000000	48.6500000	49.7400000	172007
ICE.BRN	D	20160602	000000	49.6300000	50.3000000	48.8400000	49.9500000	182231
ICE.BRN	D	20160603	000000	49.9500000	50.3300000	49.3000000	49.8400000	142199
ICE.BRN	D	20160605	000000	49.8300000	49.9600000	49.8300000	49.8300000	183
ICE.BRN	D	20160606	000000	49.8300000	50.8300000	49.7200000	50.4800000	142495
ICE.BRN	D	20160607	000000	50.4600000	51.5400000	50.2800000	51.4900000	151508
ICE.BRN	D	20160608	000000	51.4100000	52.8000000	51.3200000	52.7000000	194655
ICE.BRN	D	20160609	000000	52.7400000	52.8600000	51.5300000	51.8600000	152392
ICE.BRN	D	20160610	000000	51.9100000	52.1000000	50.3300000	50.4800000	153969
ICE.BRN	D	20160612	000000	50.4200000	50.4200000	50.1200000	50.2700000	893
ICE.BRN	D	20160613	000000	50.2700000	50.7900000	49.6100000	50.0000000	143079
ICE.BRN	D	20160614	000000	49.8900000	50.0500000	49.2000000	49.2500000	138261
ICE.BRN	D	20160615	000000	49.2200000	49.8000000	48.3900000	48.6200000	183805
ICE.BRN	D	20160616	000000	48.5600000	48.7700000	46.9400000	47.0300000	223391
ICE.BRN	D	20160617	000000	47.2800000	49.4000000	47.2500000	49.2500000	182101
ICE.BRN	D	20160619	000000	49.4200000	49.5800000	49.3400000	49.4600000	511
ICE.BRN	D	20160620	000000	49.4600000	50.6800000	49.3600000	50.4100000	164194
ICE.BRN	D	20160621	000000	50.4300000	51.1000000	49.4600000	50.9500000	159002
ICE.BRN	D	20160622	000000	51.0600000	51.2400000	49.1800000	49.8900000	188149
ICE.BRN	D	20160623	000000	50.1400000	51.1800000	49.8900000	51.1400000	146431
ICE.BRN	D	20160624	000000	50.6900000	50.7400000	47.5400000	48.4100000	263393
ICE.BRN	D	20160626	000000	48.4300000	49.1000000	48.4100000	48.7300000	1071
ICE.BRN	D	20160627	000000	48.7600000	49.4800000	47.3000000	48.1100000	133561
ICE.BRN	D	20160628	000000	47.6100000	48.7900000	47.4700000	48.6600000	67719
ICE.BRN	D	20160629	000000	49.4900000	51.4400000	49.3300000	50.9600000	184120
ICE.BRN	D	20160630	000000	50.9400000	51.0200000	49.5300000	49.7400000	188659
ICE.BRN	D	20160701	000000	49.9000000	50.6600000	49.2500000	50.5500000	156808
ICE.BRN	D	20160703	000000	50.6000000	50.6800000	50.3500000	50.5300000	331
ICE.BRN	D	20160704	000000	50.5400000	50.7500000	50.0300000	50.0400000	59508
ICE.BRN	D	20160705	000000	50.0300000	50.0500000	47.5400000	48.1800000	204852
ICE.BRN	D	20160706	000000	48.0600000	49.3100000	47.1700000	49.2500000	215327
ICE.BRN	D	20160707	000000	49.1200000	49.5900000	46.1500000	46.4500000	232673
ICE.BRN	D	20160708	000000	46.6000000	47.2300000	46.1500000	46.4400000	161181
ICE.BRN	D	20160710	000000	46.4900000	46.6700000	46.3100000	46.6100000	270
ICE.BRN	D	20160711	000000	46.5800000	47.1000000	45.9000000	46.0700000	128724
ICE.BRN	D	20160712	000000	46.1700000	48.5700000	46.0900000	48.1900000	188473
ICE.BRN	D	20160713	000000	48.1300000	48.2000000	46.0900000	46.5600000	192832
ICE.BRN	D	20160714	000000	46.5900000	47.4700000	46.3400000	47.1300000	147726
ICE.BRN	D	20160715	000000	47.0300000	48.2500000	46.6500000	48.0900000	139275
ICE.BRN	D	20160717	000000	47.9200000	47.9500000	47.3000000	47.6700000	1080
ICE.BRN	D	20160718	000000	47.6900000	47.9000000	46.5000000	47.0300000	132312
ICE.BRN	D	20160719	000000	46.9300000	47.4900000	46.5300000	46.7100000	120435
ICE.BRN	D	20160720	000000	46.7600000	47.4900000	45.9000000	47.1300000	187566
ICE.BRN	D	20160721	000000	47.1700000	47.5600000	46.0500000	46.1900000	121022
ICE.BRN	D	20160722	000000	46.2100000	46.5000000	45.1700000	45.7400000	139792
ICE.BRN	D	20160724	000000	45.7000000	45.7300000	45.5500000	45.6300000	155
ICE.BRN	D	20160725	000000	45.6500000	45.8700000	44.5500000	45.0600000	109962
ICE.BRN	D	20160726	000000	45.1700000	45.3400000	44.5300000	44.9100000	83400
ICE.BRN	D	20160727	000000	44.9000000	45.3300000	43.7200000	43.8200000	157538
ICE.BRN	D	20160728	000000	43.9500000	44.1500000	43.1300000	43.1600000	165848
ICE.BRN	D	20160729	000000	43.1400000	43.6000000	42.5200000	43.2100000	181881
ICE.BRN	D	20160731	000000	43.1100000	43.3800000	43.1100000	43.2700000	305
ICE.BRN	D	20160801	000000	43.2600000	43.8500000	41.8700000	42.2200000	164939
ICE.BRN	D	20160802	000000	42.2300000	43.1800000	41.5100000	41.9700000	184155
ICE.BRN	D	20160803	000000	41.9400000	43.4700000	41.5600000	43.4400000	200589
ICE.BRN	D	20160804	000000	43.3600000	44.3400000	42.5100000	44.2200000	167013
ICE.BRN	D	20160805	000000	44.1800000	44.4900000	43.5100000	44.4200000	153261
ICE.BRN	D	20160807	000000	44.3400000	44.4200000	44.2500000	44.3000000	129
ICE.BRN	D	20160808	000000	44.3100000	45.7100000	44.2400000	45.1800000	149109
ICE.BRN	D	20160809	000000	45.2500000	45.7700000	44.7600000	44.9900000	137183
ICE.BRN	D	20160810	000000	44.9200000	45.6800000	43.8100000	43.8400000	186356
ICE.BRN	D	20160811	000000	43.7800000	46.3000000	43.4600000	45.9600000	220786
ICE.BRN	D	20160812	000000	46.1800000	47.2500000	45.7400000	47.0800000	149167
ICE.BRN	D	20160814	000000	47.1400000	47.2500000	47.0100000	47.1500000	108
ICE.BRN	D	20160815	000000	47.1300000	48.5400000	46.8400000	48.1000000	170172
ICE.BRN	D	20160816	000000	48.2200000	49.3600000	47.9000000	48.9000000	171880
ICE.BRN	D	20160817	000000	48.8800000	49.9300000	48.5500000	49.8000000	204645
ICE.BRN	D	20160818	000000	49.7600000	51.0500000	49.5200000	50.9000000	166611
ICE.BRN	D	20160819	000000	50.9600000	51.2200000	50.3200000	50.7900000	144473
ICE.BRN	D	20160821	000000	50.7000000	50.7000000	50.3500000	50.4000000	1693
ICE.BRN	D	20160822	000000	50.3800000	50.5700000	49.0700000	49.1000000	153093
ICE.BRN	D	20160823	000000	49.0400000	50.2100000	48.4800000	49.5800000	186990
ICE.BRN	D	20160824	000000	49.5700000	49.8700000	48.6800000	49.0300000	151269
ICE.BRN	D	20160825	000000	49.0300000	49.9300000	48.7000000	49.9300000	118246
ICE.BRN	D	20160826	000000	49.9100000	50.9900000	49.3800000	49.7900000	98474
ICE.BRN	D	20160828	000000	49.7700000	49.8200000	49.6800000	49.6800000	273
ICE.BRN	D	20160829	000000	49.6700000	49.8300000	49.1500000	49.4100000	73823
ICE.BRN	D	20160830	000000	49.4500000	49.9000000	48.4800000	48.6800000	148770
ICE.BRN	D	20160831	000000	48.6500000	48.7700000	46.7700000	46.9700000	204364
ICE.BRN	D	20160901	000000	46.9800000	47.2400000	45.3200000	45.8200000	205243
ICE.BRN	D	20160902	000000	45.7900000	47.0200000	45.4100000	46.6800000	216491
ICE.BRN	D	20160904	000000	46.7000000	46.7100000	46.6200000	46.6600000	193
ICE.BRN	D	20160905	000000	46.6500000	49.4000000	46.4000000	47.4000000	235993
ICE.BRN	D	20160906	000000	47.4300000	47.9900000	46.2900000	47.3600000	162964
ICE.BRN	D	20160907	000000	47.2000000	48.5600000	46.9700000	48.5500000	159176
ICE.BRN	D	20160908	000000	48.5500000	50.1400000	48.2100000	49.6900000	207326
ICE.BRN	D	20160909	000000	49.6300000	49.7000000	47.7600000	47.8800000	162500
ICE.BRN	D	20160911	000000	47.8100000	47.8400000	47.3000000	47.5600000	1290
ICE.BRN	D	20160912	000000	47.5700000	48.6300000	46.9000000	48.1500000	178756
ICE.BRN	D	20160913	000000	48.1700000	48.2200000	46.9600000	47.1900000	173439
ICE.BRN	D	20160914	000000	47.3300000	47.4800000	45.7000000	45.9700000	218323
ICE.BRN	D	20160915	000000	46.0600000	47.0000000	45.6700000	46.4100000	175363
ICE.BRN	D	20160916	000000	46.3100000	46.4100000	45.4800000	46.0500000	149663
ICE.BRN	D	20160918	000000	46.0100000	46.2700000	45.8900000	46.2300000	512
ICE.BRN	D	20160919	000000	46.2400000	46.9300000	45.8500000	45.9200000	137720
ICE.BRN	D	20160920	000000	45.9100000	46.3000000	45.0900000	46.2000000	191433
ICE.BRN	D	20160921	000000	46.4500000	47.1400000	46.3800000	47.0500000	151960
ICE.BRN	D	20160922	000000	46.9900000	47.8300000	46.9900000	47.4600000	129060
ICE.BRN	D	20160923	000000	47.4200000	48.2600000	45.6500000	46.0700000	188515
ICE.BRN	D	20160925	000000	46.6200000	46.9100000	46.5800000	46.8600000	312
ICE.BRN	D	20160926	000000	46.8700000	48.2400000	46.3000000	47.5400000	116740
ICE.BRN	D	20160927	000000	47.7100000	47.8900000	46.1700000	46.7500000	153982
ICE.BRN	D	20160928	000000	46.7500000	49.5000000	46.2600000	49.4300000	330427
ICE.BRN	D	20160929	000000	49.4600000	50.3900000	48.5500000	49.6200000	254838
ICE.BRN	D	20160930	000000	49.7600000	50.2700000	48.9000000	49.9900000	182181
ICE.BRN	D	20161002	000000	50.0200000	50.0500000	49.8300000	49.9000000	382
ICE.BRN	D	20161003	000000	49.8800000	51.1400000	49.7400000	50.8000000	180889
ICE.BRN	D	20161004	000000	50.9300000	51.5500000	50.3400000	51.3100000	179854
ICE.BRN	D	20161005	000000	51.2200000	52.0900000	51.2200000	51.6100000	183458
ICE.BRN	D	20161006	000000	51.7600000	52.7500000	51.3200000	52.5900000	177553
ICE.BRN	D	20161007	000000	52.7200000	52.8400000	51.3300000	51.6900000	185691
ICE.BRN	D	20161009	000000	51.6300000	51.8000000	51.4800000	51.5300000	636
ICE.BRN	D	20161010	000000	51.5100000	53.7300000	51.3000000	52.9200000	192779
ICE.BRN	D	20161011	000000	53.1100000	53.3200000	52.1200000	52.5300000	189329
ICE.BRN	D	20161012	000000	52.4800000	52.8700000	51.6100000	51.6600000	160178
ICE.BRN	D	20161013	000000	51.6000000	52.1500000	50.9200000	51.9600000	171390
ICE.BRN	D	20161014	000000	52.0600000	52.5500000	51.5000000	52.0000000	125868
ICE.BRN	D	20161016	000000	51.9300000	51.9700000	51.7500000	51.7900000	453
ICE.BRN	D	20161017	000000	51.7900000	52.2900000	51.1600000	51.6800000	136091
ICE.BRN	D	20161018	000000	51.7200000	52.1500000	51.2500000	52.1500000	128987
ICE.BRN	D	20161019	000000	52.1300000	53.1400000	52.0900000	52.5400000	167973
ICE.BRN	D	20161020	000000	52.6000000	52.7200000	51.1700000	51.3900000	149087
ICE.BRN	D	20161021	000000	51.4000000	51.9400000	51.1200000	51.9200000	122261
ICE.BRN	D	20161023	000000	51.8900000	51.9200000	51.4700000	51.5600000	469
ICE.BRN	D	20161024	000000	51.6000000	52.0100000	50.5000000	51.4800000	136259
ICE.BRN	D	20161025	000000	51.4400000	51.8300000	50.2200000	51.2900000	135021
ICE.BRN	D	20161026	000000	51.2600000	51.8000000	50.7500000	51.0700000	131587
ICE.BRN	D	20161027	000000	51.1000000	51.9800000	50.9400000	51.4300000	148817
ICE.BRN	D	20161028	000000	51.5100000	51.6600000	50.3400000	50.5700000	153982
ICE.BRN	D	20161030	000000	50.3400000	50.4400000	50.2600000	50.3500000	2551
ICE.BRN	D	20161031	000000	50.3400000	50.7600000	48.4500000	48.5100000	235832
ICE.BRN	D	20161101	000000	48.7200000	49.2600000	47.7200000	47.9000000	249773
ICE.BRN	D	20161102	000000	47.9000000	48.0200000	46.4600000	47.0800000	229932
ICE.BRN	D	20161103	000000	47.1500000	47.5200000	45.9900000	46.2800000	175216
ICE.BRN	D	20161104	000000	46.4300000	46.5600000	45.0800000	45.6000000	240701
ICE.BRN	D	20161106	000000	45.7000000	46.0400000	45.7000000	45.9400000	1932
ICE.BRN	D	20161107	000000	45.9500000	46.3800000	45.3800000	46.3300000	159938
ICE.BRN	D	20161108	000000	46.3000000	46.6900000	45.6000000	45.8200000	177014
ICE.BRN	D	20161109	000000	46.0400000	46.9500000	44.4000000	46.5000000	249300
ICE.BRN	D	20161110	000000	46.3600000	46.9200000	45.5600000	45.6600000	160191
ICE.BRN	D	20161111	000000	45.8000000	45.8900000	44.1900000	44.5200000	169364
ICE.BRN	D	20161113	000000	44.5400000	44.9400000	44.5400000	44.8600000	364
ICE.BRN	D	20161114	000000	44.8800000	44.9900000	43.5700000	44.7600000	168627
ICE.BRN	D	20161115	000000	44.7000000	47.2500000	44.6700000	46.9100000	203023
ICE.BRN	D	20161116	000000	46.8800000	47.5600000	46.2500000	46.3400000	198561
ICE.BRN	D	20161117	000000	46.4400000	47.6200000	45.9700000	46.0000000	159824
ICE.BRN	D	20161118	000000	46.0500000	46.9900000	45.7500000	46.8900000	161773
ICE.BRN	D	20161120	000000	46.9200000	47.4900000	46.9200000	47.3600000	1202
ICE.BRN	D	20161121	000000	47.3500000	49.1500000	47.1700000	49.0400000	179139
ICE.BRN	D	20161122	000000	49.2500000	49.9600000	48.1400000	49.0500000	235895
ICE.BRN	D	20161123	000000	49.2000000	49.5000000	48.5600000	48.8800000	141563
ICE.BRN	D	20161124	000000	49.0300000	49.2100000	48.7600000	48.8600000	46314
ICE.BRN	D	20161125	000000	48.9600000	49.0200000	46.8500000	47.1200000	117615
ICE.BRN	D	20161127	000000	47.9700000	47.9700000	47.3000000	47.4200000	1856
ICE.BRN	D	20161128	000000	47.4100000	49.7600000	47.3800000	48.9900000	201340
ICE.BRN	D	20161129	000000	49.0600000	49.0700000	46.9100000	47.2600000	249505
ICE.BRN	D	20161130	000000	47.5100000	52.3700000	47.4000000	51.5200000	522586
ICE.BRN	D	20161201	000000	51.7200000	54.5300000	51.5100000	53.7000000	280322
ICE.BRN	D	20161202	000000	53.8800000	54.5000000	52.8400000	54.4900000	199243
ICE.BRN	D	20161204	000000	54.4000000	54.4400000	53.8500000	54.0900000	1947
ICE.BRN	D	20161205	000000	54.0800000	55.3300000	53.7700000	54.1900000	178920
ICE.BRN	D	20161206	000000	54.5000000	54.9400000	53.5100000	53.8900000	163506
ICE.BRN	D	20161207	000000	53.9400000	54.2300000	52.9200000	53.0200000	165876
ICE.BRN	D	20161208	000000	53.1500000	54.0500000	52.8100000	53.9800000	163775
ICE.BRN	D	20161209	000000	53.9700000	54.4600000	53.7700000	54.3600000	128064
ICE.BRN	D	20161211	000000	55.8800000	57.8900000	55.5500000	56.8000000	10137
ICE.BRN	D	20161212	000000	56.7600000	57.2600000	55.1100000	55.4500000	206568
ICE.BRN	D	20161213	000000	55.7000000	56.4400000	55.1300000	55.2300000	129488
ICE.BRN	D	20161214	000000	55.1600000	55.8100000	53.5200000	53.7200000	193301
ICE.BRN	D	20161215	000000	53.7600000	54.5000000	53.1500000	54.2300000	152316
ICE.BRN	D	20161216	000000	54.1100000	55.3800000	53.7100000	55.3300000	141092
ICE.BRN	D	20161218	000000	55.4000000	55.5800000	55.2800000	55.3000000	896
ICE.BRN	D	20161219	000000	55.2900000	55.8000000	54.6900000	55.0700000	95204
ICE.BRN	D	20161220	000000	55.0200000	55.9200000	54.7500000	55.5400000	108707
ICE.BRN	D	20161221	000000	55.5200000	55.8700000	54.3200000	54.5300000	114468
ICE.BRN	D	20161222	000000	54.5500000	55.2300000	54.0500000	54.9000000	103725
ICE.BRN	D	20161223	000000	54.8400000	55.2500000	54.2600000	55.0800000	64113
ICE.BRN	D	20161227	000000	55.9600000	57.8200000	55.7700000	56.9500000	62244
ICE.BRN	D	20161228	000000	56.7100000	57.2700000	56.6100000	56.6300000	89785
ICE.BRN	D	20161229	000000	56.7300000	57.3300000	56.6600000	56.9500000	120840
ICE.BRN	D	20161230	000000	57.0000000	57.2000000	56.4600000	56.7500000	86858
ICE.BRN	D	20170102	000000	56.8200000	56.8200000	56.8200000	56.8200000	1
ICE.BRN	D	20170103	000000	57.0500000	58.3700000	55.3000000	55.5600000	226241
ICE.BRN	D	20170104	000000	55.7300000	56.5500000	55.3300000	56.4700000	155502
ICE.BRN	D	20170105	000000	56.3500000	57.3500000	56.0100000	56.9000000	159774
ICE.BRN	D	20170106	000000	56.8800000	57.4700000	56.2800000	56.7500000	130683
ICE.BRN	D	20170108	000000	56.8100000	56.9900000	56.8100000	56.9700000	276
ICE.BRN	D	20170109	000000	56.9600000	57.0000000	54.7400000	54.8200000	162904
ICE.BRN	D	20170110	000000	54.9500000	55.3600000	53.5800000	53.6300000	191134
ICE.BRN	D	20170111	000000	53.8000000	55.6700000	53.7000000	55.3300000	223175
ICE.BRN	D	20170112	000000	55.1900000	56.4300000	55.0100000	56.1100000	168444
ICE.BRN	D	20170113	000000	56.0000000	56.2100000	55.2800000	55.5900000	131593
ICE.BRN	D	20170116	000000	55.6400000	55.9200000	55.1900000	55.6800000	60334
ICE.BRN	D	20170117	000000	55.7400000	56.9500000	55.4000000	55.4700000	167423
ICE.BRN	D	20170118	000000	55.4800000	55.9000000	53.7700000	54.2500000	211623
ICE.BRN	D	20170119	000000	54.2900000	54.7700000	53.9000000	54.2100000	150345
ICE.BRN	D	20170120	000000	54.3300000	55.8000000	54.1800000	55.4900000	159750
ICE.BRN	D	20170122	000000	55.7000000	55.7500000	55.4200000	55.6000000	992
ICE.BRN	D	20170123	000000	55.6000000	55.6300000	54.6500000	55.3700000	138770
ICE.BRN	D	20170124	000000	55.4200000	55.8600000	55.0700000	55.1600000	110996
ICE.BRN	D	20170125	000000	55.2400000	55.7500000	54.7500000	55.6500000	132397
ICE.BRN	D	20170126	000000	55.7300000	56.7800000	55.4800000	56.4500000	117416
ICE.BRN	D	20170127	000000	56.3300000	56.7200000	55.0900000	55.6500000	134761
ICE.BRN	D	20170129	000000	55.6600000	55.6800000	55.3900000	55.4300000	301
ICE.BRN	D	20170130	000000	55.4400000	55.8600000	55.0400000	55.3200000	127056
ICE.BRN	D	20170131	000000	55.3400000	56.4400000	54.9600000	55.4900000	203539
ICE.BRN	D	20170201	000000	55.5500000	56.8300000	55.3600000	56.5900000	187248
ICE.BRN	D	20170202	000000	56.5300000	57.4500000	56.3300000	56.7400000	178082
ICE.BRN	D	20170203	000000	56.9200000	57.2900000	56.3900000	56.7200000	136945
ICE.BRN	D	20170205	000000	56.8500000	56.9100000	56.7300000	56.9100000	312
ICE.BRN	D	20170206	000000	56.9100000	57.1300000	55.6500000	55.8900000	136788
ICE.BRN	D	20170207	000000	55.9100000	55.9800000	54.5800000	54.6600000	176445
ICE.BRN	D	20170208	000000	54.5000000	55.6800000	54.4400000	55.1600000	178003
ICE.BRN	D	20170209	000000	55.3000000	55.9200000	55.2300000	55.7400000	117740
ICE.BRN	D	20170210	000000	55.6600000	56.8800000	55.5900000	56.6100000	154834
ICE.BRN	D	20170212	000000	56.6800000	56.8100000	56.6500000	56.7000000	204
ICE.BRN	D	20170213	000000	56.7100000	56.7900000	55.4100000	55.6600000	140503
ICE.BRN	D	20170214	000000	55.7500000	56.4600000	55.5300000	55.8000000	120613
ICE.BRN	D	20170215	000000	55.8200000	56.2500000	55.5600000	55.6900000	118142
ICE.BRN	D	20170216	000000	55.7400000	56.2400000	55.1300000	55.8100000	158184
ICE.BRN	D	20170217	000000	55.7300000	55.8800000	55.1000000	55.7200000	109011
ICE.BRN	D	20170219	000000	55.9000000	55.9800000	55.7700000	55.7800000	281
ICE.BRN	D	20170220	000000	55.7700000	56.4200000	55.7000000	56.1500000	57778
ICE.BRN	D	20170221	000000	56.1700000	57.3100000	56.1000000	56.6700000	104293
ICE.BRN	D	20170222	000000	56.7400000	57.0100000	55.6400000	56.1900000	115100
ICE.BRN	D	20170223	000000	56.2000000	57.2600000	56.1800000	56.4700000	120861
ICE.BRN	D	20170224	000000	56.4000000	56.6600000	55.7400000	56.0400000	48023
ICE.BRN	D	20170226	000000	56.3200000	56.3900000	56.2800000	56.3500000	391
ICE.BRN	D	20170227	000000	56.3500000	57.0600000	56.2900000	56.4300000	119795
ICE.BRN	D	20170228	000000	56.5200000	56.6400000	55.6200000	56.4500000	220262
ICE.BRN	D	20170301	000000	56.4500000	57.0500000	56.2400000	56.2800000	156703
ICE.BRN	D	20170302	000000	56.3100000	56.4400000	55.0300000	55.0300000	210940
ICE.BRN	D	20170303	000000	55.1800000	55.9500000	55.0900000	55.7100000	144251
ICE.BRN	D	20170305	000000	55.8000000	56.0000000	55.8000000	55.9100000	1419
ICE.BRN	D	20170306	000000	55.8900000	56.2500000	55.3200000	55.9400000	131220
ICE.BRN	D	20170307	000000	55.9500000	56.6500000	55.5600000	55.6000000	144108
ICE.BRN	D	20170308	000000	55.6300000	55.7700000	52.9300000	53.1600000	282244
ICE.BRN	D	20170309	000000	53.4900000	53.8600000	51.5000000	52.3800000	336458
ICE.BRN	D	20170310	000000	52.3300000	53.0200000	51.1400000	51.2700000	224090
ICE.BRN	D	20170312	000000	51.4900000	51.4900000	50.8500000	50.9900000	4708
ICE.BRN	D	20170313	000000	51.0000000	51.7000000	50.9200000	51.3300000	170827
ICE.BRN	D	20170314	000000	51.3400000	51.8600000	50.2500000	51.8400000	266119
ICE.BRN	D	20170315	000000	51.5000000	52.1500000	51.3600000	52.0000000	180170
ICE.BRN	D	20170316	000000	52.0800000	52.6500000	51.5000000	51.7400000	157291
ICE.BRN	D	20170317	000000	51.7400000	52.1800000	51.5300000	51.6700000	99138
ICE.BRN	D	20170319	000000	51.8000000	51.8000000	51.6600000	51.6800000	525
ICE.BRN	D	20170320	000000	51.6800000	51.9400000	51.0100000	51.7200000	137801
ICE.BRN	D	20170321	000000	51.7000000	52.2200000	50.7300000	50.8500000	156322
ICE.BRN	D	20170322	000000	50.8600000	50.9800000	49.7100000	50.6800000	189809
ICE.BRN	D	20170323	000000	50.8300000	51.1000000	50.2500000	50.5100000	114353
ICE.BRN	D	20170324	000000	50.6400000	51.0600000	50.4000000	50.9700000	77801
ICE.BRN	D	20170326	000000	51.1500000	51.1900000	50.9000000	51.1200000	910
ICE.BRN	D	20170327	000000	51.1000000	51.1400000	50.1300000	50.9400000	89721
ICE.BRN	D	20170328	000000	50.9800000	52.0000000	50.9200000	51.4200000	120853
ICE.BRN	D	20170329	000000	51.4900000	52.6100000	51.4500000	52.5500000	158279
ICE.BRN	D	20170330	000000	52.5300000	53.2700000	52.1700000	53.0700000	171946
ICE.BRN	D	20170331	000000	53.0400000	53.7700000	52.6000000	53.6200000	211716
ICE.BRN	D	20170402	000000	53.6200000	53.6300000	53.4600000	53.4800000	659
ICE.BRN	D	20170403	000000	53.5000000	53.7400000	53.0300000	53.1000000	123567
ICE.BRN	D	20170404	000000	53.1800000	54.3800000	52.7300000	54.2600000	158286
ICE.BRN	D	20170405	000000	54.2200000	55.0900000	53.9700000	54.0100000	185600
ICE.BRN	D	20170406	000000	54.1300000	55.0000000	54.0200000	54.9000000	121444
ICE.BRN	D	20170407	000000	54.8800000	56.0800000	54.5700000	55.2600000	193763
ICE.BRN	D	20170409	000000	55.1900000	55.5200000	55.1900000	55.4200000	396
ICE.BRN	D	20170410	000000	55.4400000	56.0500000	55.2300000	56.0000000	131976
ICE.BRN	D	20170411	000000	56.0800000	56.3000000	55.4500000	56.2900000	155798
ICE.BRN	D	20170412	000000	56.2800000	56.6500000	55.5000000	55.6200000	165107
ICE.BRN	D	20170413	000000	55.6600000	56.0600000	55.5600000	55.6400000	112860
ICE.BRN	D	20170416	000000	55.5500000	55.7800000	55.5500000	55.6700000	503
ICE.BRN	D	20170417	000000	55.6500000	55.9800000	55.2900000	55.4800000	72483
ICE.BRN	D	20170418	000000	55.3900000	55.4800000	54.6100000	54.8200000	155422
ICE.BRN	D	20170419	000000	54.7800000	55.2000000	52.5800000	53.0800000	217130
ICE.BRN	D	20170420	000000	53.0900000	53.5500000	52.6800000	52.9900000	174646
ICE.BRN	D	20170421	000000	53.0000000	53.2900000	51.5700000	52.0500000	175783
ICE.BRN	D	20170423	000000	52.1100000	52.3600000	52.0700000	52.2000000	1192
ICE.BRN	D	20170424	000000	52.2200000	52.5700000	51.4200000	51.6100000	116993
ICE.BRN	D	20170425	000000	51.6000000	52.4500000	51.3000000	52.4200000	119055
ICE.BRN	D	20170426	000000	52.3200000	52.9500000	51.8500000	52.0700000	169679
ICE.BRN	D	20170427	000000	52.1100000	52.2800000	51.0100000	52.0700000	226586
ICE.BRN	D	20170428	000000	51.9500000	52.6000000	51.6200000	51.8900000	187574
ICE.BRN	D	20170430	000000	51.8800000	51.9400000	51.8100000	51.8500000	378
ICE.BRN	D	20170501	000000	51.8500000	51.9700000	51.2200000	51.4600000	77485
ICE.BRN	D	20170502	000000	51.3900000	52.1600000	50.1400000	51.1300000	216774
ICE.BRN	D	20170503	000000	50.9900000	51.1400000	50.2000000	50.6200000	201916
ICE.BRN	D	20170504	000000	50.5900000	50.7300000	48.1600000	48.3500000	319351
ICE.BRN	D	20170505	000000	48.4500000	49.6300000	46.6400000	49.4700000	307736
ICE.BRN	D	20170507	000000	49.2700000	49.5600000	49.2700000	49.4500000	777
ICE.BRN	D	20170508	000000	49.4500000	49.9200000	48.4800000	49.4500000	205200
ICE.BRN	D	20170509	000000	49.4400000	49.7200000	48.3900000	48.9900000	179665
ICE.BRN	D	20170510	000000	48.9500000	50.6300000	48.8100000	50.2800000	205586
ICE.BRN	D	20170511	000000	50.2800000	51.1600000	50.2500000	50.7700000	163314
ICE.BRN	D	20170512	000000	50.7600000	51.0900000	50.3300000	50.9100000	139073
ICE.BRN	D	20170514	000000	50.8400000	50.8600000	50.7400000	50.7600000	122
ICE.BRN	D	20170515	000000	50.7500000	52.6300000	50.7400000	51.8000000	191306
ICE.BRN	D	20170516	000000	51.8800000	52.3600000	51.1000000	51.2300000	154080
ICE.BRN	D	20170517	000000	51.2000000	52.6100000	51.0400000	52.0900000	191628
ICE.BRN	D	20170518	000000	52.1900000	52.7400000	51.1100000	52.5000000	196000
ICE.BRN	D	20170519	000000	52.5700000	53.8200000	52.5500000	53.8000000	166740
ICE.BRN	D	20170521	000000	53.8500000	54.0100000	53.8300000	54.0100000	1253
ICE.BRN	D	20170522	000000	54.0200000	54.3700000	53.6600000	53.7400000	160197
ICE.BRN	D	20170523	000000	53.8700000	54.4300000	53.2000000	54.1600000	148916
ICE.BRN	D	20170524	000000	54.1400000	54.6200000	53.6600000	53.8600000	164905
ICE.BRN	D	20170525	000000	54.1500000	54.6700000	51.0300000	51.6400000	298877
ICE.BRN	D	20170526	000000	51.7900000	52.6500000	51.0500000	52.5800000	159617
ICE.BRN	D	20170528	000000	52.5000000	52.8000000	52.5000000	52.6200000	268
ICE.BRN	D	20170529	000000	52.6300000	52.9600000	52.2100000	52.5600000	39031
ICE.BRN	D	20170530	000000	52.5900000	52.6900000	51.6000000	52.1900000	141097
ICE.BRN	D	20170531	000000	52.1800000	52.3200000	50.2100000	50.9800000	229161
ICE.BRN	D	20170601	000000	51.1700000	51.4500000	50.2300000	50.4000000	233568
ICE.BRN	D	20170602	000000	50.2300000	50.5200000	48.9500000	49.9500000	239811
ICE.BRN	D	20170604	000000	49.8700000	50.0900000	49.8700000	49.9500000	333
ICE.BRN	D	20170605	000000	49.9600000	50.7400000	49.0400000	49.4800000	170007
ICE.BRN	D	20170606	000000	49.5700000	50.3000000	49.0000000	49.9700000	179622
ICE.BRN	D	20170607	000000	49.9700000	50.1400000	47.9600000	48.2000000	256361
ICE.BRN	D	20170608	000000	48.2600000	48.6000000	47.5600000	47.8700000	201137
ICE.BRN	D	20170609	000000	47.7900000	48.5600000	47.4000000	48.3000000	159725
ICE.BRN	D	20170611	000000	48.0600000	48.3500000	48.0300000	48.3300000	289
ICE.BRN	D	20170612	000000	48.3300000	49.1500000	48.0100000	48.2700000	162424
ICE.BRN	D	20170613	000000	48.3200000	48.8200000	47.8700000	48.2300000	148570
ICE.BRN	D	20170614	000000	48.1800000	48.6900000	46.7400000	46.9000000	245841
ICE.BRN	D	20170615	000000	46.8000000	47.2000000	46.7000000	46.7900000	145329
ICE.BRN	D	20170616	000000	46.8200000	47.6100000	46.8100000	47.2700000	113395
ICE.BRN	D	20170618	000000	47.2100000	47.3400000	47.2100000	47.2500000	100
ICE.BRN	D	20170619	000000	47.2800000	47.7600000	46.7700000	46.8100000	124946
ICE.BRN	D	20170620	000000	46.9600000	47.2300000	45.4200000	45.8400000	195463
ICE.BRN	D	20170621	000000	45.8900000	46.6300000	44.3500000	44.7800000	206285
ICE.BRN	D	20170622	000000	44.8100000	45.7900000	44.5300000	45.2900000	140597
ICE.BRN	D	20170623	000000	45.2800000	45.7500000	45.0300000	45.6100000	82797
ICE.BRN	D	20170625	000000	45.7100000	46.1000000	45.7100000	45.9800000	903
ICE.BRN	D	20170626	000000	45.9600000	46.4200000	45.2600000	46.1400000	79215
ICE.BRN	D	20170627	000000	46.1000000	47.3000000	46.0000000	46.4600000	115491
ICE.BRN	D	20170628	000000	46.5400000	47.7000000	46.5400000	47.6600000	148517
ICE.BRN	D	20170629	000000	47.6100000	48.2700000	47.3400000	47.5000000	172035
ICE.BRN	D	20170630	000000	47.6000000	49.0000000	47.6000000	48.9400000	174771
ICE.BRN	D	20170702	000000	48.9500000	49.0000000	48.8600000	48.9200000	459
ICE.BRN	D	20170703	000000	48.9400000	49.7100000	48.5400000	49.6000000	145344
ICE.BRN	D	20170704	000000	49.6300000	49.9000000	49.2900000	49.6800000	68406
ICE.BRN	D	20170705	000000	49.6700000	49.8400000	47.0000000	48.3400000	240146
ICE.BRN	D	20170706	000000	48.2800000	49.1800000	47.7700000	47.9700000	201144
ICE.BRN	D	20170707	000000	47.7600000	47.7600000	46.2800000	46.9000000	222223
ICE.BRN	D	20170709	000000	47.0400000	47.0700000	46.8600000	46.8800000	350
ICE.BRN	D	20170710	000000	46.9500000	47.3800000	46.1100000	46.9900000	146808
ICE.BRN	D	20170711	000000	46.9900000	48.2100000	46.2900000	48.1000000	172128
ICE.BRN	D	20170712	000000	48.2100000	48.7900000	47.3500000	47.7100000	195304
ICE.BRN	D	20170713	000000	47.7000000	48.5300000	47.1800000	48.3700000	139758
ICE.BRN	D	20170714	000000	48.3700000	49.1100000	48.1500000	49.0900000	147488
ICE.BRN	D	20170716	000000	49.1400000	49.1400000	49.0100000	49.0300000	199
ICE.BRN	D	20170717	000000	49.0400000	49.2600000	48.3100000	48.3700000	113985
ICE.BRN	D	20170718	000000	48.4000000	49.4100000	48.2400000	48.7000000	143694
ICE.BRN	D	20170719	000000	48.7100000	49.8100000	48.5800000	49.5700000	165111
ICE.BRN	D	20170720	000000	49.6500000	50.1900000	49.1900000	49.2800000	155467
ICE.BRN	D	20170721	000000	49.3300000	49.6500000	47.8100000	47.9600000	164513
ICE.BRN	D	20170723	000000	47.9300000	48.0600000	47.9300000	48.0300000	270
ICE.BRN	D	20170724	000000	48.0200000	48.7700000	47.6800000	48.7100000	133619
ICE.BRN	D	20170725	000000	48.6400000	51.0300000	48.6300000	50.8400000	151370
ICE.BRN	D	20170726	000000	50.7400000	51.2000000	50.2300000	51.0100000	106689
ICE.BRN	D	20170727	000000	51.0000000	51.6700000	50.5800000	51.6300000	129752
ICE.BRN	D	20170728	000000	51.5800000	52.3500000	51.3300000	52.3200000	153419
ICE.BRN	D	20170730	000000	52.3800000	52.5100000	52.3400000	52.4300000	868
ICE.BRN	D	20170731	000000	52.4200000	52.9000000	51.7800000	52.6800000	182257
ICE.BRN	D	20170801	000000	52.7000000	52.9300000	50.8800000	51.4700000	200989
ICE.BRN	D	20170802	000000	51.3800000	52.4300000	51.1800000	52.2900000	184741
ICE.BRN	D	20170803	000000	52.2400000	52.8900000	51.7700000	51.9300000	160510
ICE.BRN	D	20170804	000000	51.9700000	52.5200000	51.4300000	52.4600000	150967
ICE.BRN	D	20170806	000000	52.3900000	52.5300000	52.3800000	52.4200000	104
ICE.BRN	D	20170807	000000	52.4200000	52.5300000	51.3700000	52.3000000	157288
ICE.BRN	D	20170808	000000	52.2400000	52.7300000	51.8200000	51.9900000	140942
ICE.BRN	D	20170809	000000	51.9900000	52.8500000	51.8100000	52.8200000	141519
ICE.BRN	D	20170810	000000	52.7200000	53.6400000	51.6700000	51.8200000	215117
ICE.BRN	D	20170811	000000	51.9400000	52.2800000	51.3000000	52.0500000	146409
ICE.BRN	D	20170813	000000	52.0200000	52.0500000	51.9700000	52.0500000	203
ICE.BRN	D	20170814	000000	52.0500000	52.3800000	50.5500000	50.6200000	160766
ICE.BRN	D	20170815	000000	50.6500000	51.1500000	50.0200000	51.0000000	164529
ICE.BRN	D	20170816	000000	50.9800000	51.4000000	50.1500000	50.4000000	157385
ICE.BRN	D	20170817	000000	50.4000000	51.1200000	50.0000000	50.8000000	165677
ICE.BRN	D	20170818	000000	50.8900000	52.9600000	50.7800000	52.8600000	190850
ICE.BRN	D	20170820	000000	52.9000000	52.9000000	52.7700000	52.8000000	53
ICE.BRN	D	20170821	000000	52.8100000	52.8500000	51.3000000	51.7000000	165857
ICE.BRN	D	20170822	000000	51.7800000	52.2800000	51.3900000	51.6700000	147615
ICE.BRN	D	20170823	000000	51.6800000	52.6300000	51.4500000	52.5200000	142490
ICE.BRN	D	20170824	000000	52.5500000	52.7100000	51.6100000	52.1300000	123758
ICE.BRN	D	20170825	000000	52.3000000	52.6800000	51.9100000	51.9100000	108861
ICE.BRN	D	20170827	000000	52.2600000	52.4400000	52.2500000	52.3500000	1416
ICE.BRN	D	20170828	000000	52.3500000	52.4100000	51.0700000	51.6100000	96309
ICE.BRN	D	20170829	000000	51.5400000	51.7900000	50.9800000	51.6000000	135093
ICE.BRN	D	20170830	000000	51.6500000	51.6900000	50.5200000	50.6700000	197737
ICE.BRN	D	20170831	000000	50.5300000	52.9000000	50.4900000	52.7700000	258068
ICE.BRN	D	20170901	000000	52.8400000	52.9500000	52.2400000	52.6900000	152091
ICE.BRN	D	20170903	000000	52.8500000	52.8500000	52.4300000	52.4400000	1065
ICE.BRN	D	20170904	000000	52.4500000	52.7900000	51.9900000	52.2000000	73820
ICE.BRN	D	20170905	000000	52.3000000	53.6600000	52.0900000	53.1900000	180615
ICE.BRN	D	20170906	000000	53.1600000	54.3100000	53.0900000	54.1700000	168636
ICE.BRN	D	20170907	000000	54.1300000	54.6700000	53.8900000	54.5000000	162378
ICE.BRN	D	20170908	000000	54.5400000	54.8700000	53.5700000	53.7500000	166923
ICE.BRN	D	20170910	000000	53.8200000	53.9600000	53.7800000	53.9000000	275
ICE.BRN	D	20170911	000000	53.9100000	54.1400000	53.0500000	53.9300000	139627
ICE.BRN	D	20170912	000000	53.7700000	54.4400000	53.4200000	54.2800000	122652
ICE.BRN	D	20170913	000000	54.1800000	55.2100000	54.0300000	55.0800000	140928
ICE.BRN	D	20170914	000000	55.0200000	55.9900000	54.9300000	55.2800000	147177
ICE.BRN	D	20170915	000000	55.2900000	55.8500000	54.8600000	55.4800000	123136
ICE.BRN	D	20170917	000000	55.5900000	55.5900000	55.4700000	55.5100000	128
ICE.BRN	D	20170918	000000	55.4900000	55.9500000	54.8200000	55.4400000	136077
ICE.BRN	D	20170919	000000	55.4800000	55.8900000	54.8900000	55.4000000	116744
ICE.BRN	D	20170920	000000	55.3500000	56.4800000	55.2600000	56.1800000	156910
ICE.BRN	D	20170921	000000	56.1700000	56.5300000	55.7600000	56.4500000	102271
ICE.BRN	D	20170922	000000	56.5000000	56.9100000	56.2200000	56.9000000	92354
ICE.BRN	D	20170924	000000	56.8700000	56.9100000	56.8100000	56.8800000	424
ICE.BRN	D	20170925	000000	56.8900000	59.2500000	56.7000000	58.5200000	123467
ICE.BRN	D	20170926	000000	58.5500000	58.8800000	57.2200000	58.0300000	170502
ICE.BRN	D	20170927	000000	58.1100000	58.3400000	57.2500000	57.3200000	165989
ICE.BRN	D	20170928	000000	57.3900000	58.2800000	56.5600000	57.2700000	221079
ICE.BRN	D	20170929	000000	57.2900000	57.4300000	56.4400000	56.5300000	175274
ICE.BRN	D	20171001	000000	56.7300000	56.7600000	56.6000000	56.7200000	647
ICE.BRN	D	20171002	000000	56.7200000	56.7500000	55.5000000	56.0700000	193277
ICE.BRN	D	20171003	000000	56.1000000	56.4000000	55.7000000	55.7200000	144069
ICE.BRN	D	20171004	000000	55.6700000	56.2000000	55.3800000	55.7400000	178069
ICE.BRN	D	20171005	000000	55.7700000	57.2400000	55.7000000	56.9900000	172050
ICE.BRN	D	20171006	000000	56.9900000	57.2800000	55.1300000	55.6800000	220832
ICE.BRN	D	20171008	000000	55.5000000	55.6600000	55.4700000	55.6500000	675
ICE.BRN	D	20171009	000000	55.6400000	55.9800000	55.0600000	55.7700000	142060
ICE.BRN	D	20171010	000000	55.7800000	56.9100000	55.7300000	56.5500000	144595
ICE.BRN	D	20171011	000000	56.5600000	57.0900000	56.1400000	56.6700000	149342
ICE.BRN	D	20171012	000000	56.7400000	56.8300000	55.8800000	56.4000000	168657
ICE.BRN	D	20171013	000000	56.4400000	57.5700000	56.3400000	57.2000000	165931
ICE.BRN	D	20171015	000000	57.2800000	57.9000000	57.1200000	57.7500000	2850
ICE.BRN	D	20171016	000000	57.7500000	58.4700000	57.5300000	57.9200000	170426
ICE.BRN	D	20171017	000000	57.7800000	58.3500000	57.1800000	58.1100000	182415
ICE.BRN	D	20171018	000000	58.1600000	58.5400000	57.7400000	58.2000000	146167
ICE.BRN	D	20171019	000000	58.2400000	58.3000000	57.0200000	57.3300000	176187
ICE.BRN	D	20171020	000000	57.3200000	57.9400000	56.6000000	57.9400000	171989
ICE.BRN	D	20171022	000000	57.9500000	58.0500000	57.9200000	57.9800000	473
ICE.BRN	D	20171023	000000	57.9800000	58.0200000	57.2700000	57.3300000	135819
ICE.BRN	D	20171024	000000	57.4100000	58.5700000	57.0400000	58.5300000	155478
ICE.BRN	D	20171025	000000	58.4400000	58.7400000	57.8500000	58.2400000	137285
ICE.BRN	D	20171026	000000	58.2200000	59.2900000	57.8400000	59.2200000	93574
ICE.BRN	D	20171027	000000	59.1400000	60.3500000	58.5800000	60.2100000	170857
ICE.BRN	D	20171029	000000	60.2300000	60.5200000	60.1700000	60.3800000	2484
ICE.BRN	D	20171030	000000	60.3800000	60.7000000	59.9100000	60.5300000	143265
ICE.BRN	D	20171031	000000	60.5500000	61.1900000	60.2500000	61.1800000	167453
ICE.BRN	D	20171101	000000	61.0700000	61.7000000	60.0000000	60.4900000	203419
ICE.BRN	D	20171102	000000	60.5000000	60.8600000	60.0200000	60.6200000	156143
ICE.BRN	D	20171103	000000	60.8800000	62.2300000	60.6000000	62.0700000	163226
ICE.BRN	D	20171105	000000	62.0700000	62.4400000	62.0700000	62.3400000	1714
ICE.BRN	D	20171106	000000	62.3100000	64.4400000	62.1400000	64.2700000	204292
ICE.BRN	D	20171107	000000	64.1200000	64.6500000	63.5000000	63.6900000	194611
ICE.BRN	D	20171108	000000	63.6900000	64.6400000	62.9500000	63.4900000	202794
ICE.BRN	D	20171109	000000	63.5200000	64.2500000	63.2600000	63.9300000	163815
ICE.BRN	D	20171110	000000	63.8000000	64.2700000	63.3500000	63.5200000	140364
ICE.BRN	D	20171112	000000	63.5200000	63.7700000	63.5200000	63.7000000	228
ICE.BRN	D	20171113	000000	63.6800000	63.7000000	62.6100000	63.1600000	149295
ICE.BRN	D	20171114	000000	63.0600000	63.1700000	61.2100000	62.2100000	218101
ICE.BRN	D	20171115	000000	61.5500000	62.1300000	61.3000000	61.8700000	139579
ICE.BRN	D	20171116	000000	61.8800000	62.1500000	61.2500000	61.3600000	141262
ICE.BRN	D	20171117	000000	61.4100000	62.9200000	61.0800000	62.7200000	163150
ICE.BRN	D	20171119	000000	62.7200000	62.8000000	62.5200000	62.5400000	480
ICE.BRN	D	20171120	000000	62.5400000	62.7000000	61.4400000	62.2200000	139737
ICE.BRN	D	20171121	000000	62.1000000	62.8700000	62.0700000	62.5700000	137199
ICE.BRN	D	20171122	000000	62.7800000	63.4300000	62.6200000	63.3200000	134864
ICE.BRN	D	20171123	000000	63.2400000	63.5700000	62.8800000	63.5500000	52332
ICE.BRN	D	20171124	000000	63.3500000	63.9500000	63.2800000	63.8600000	77461
ICE.BRN	D	20171126	000000	63.4700000	63.5800000	63.3700000	63.4100000	343
ICE.BRN	D	20171127	000000	63.4100000	63.5200000	62.7000000	63.3800000	85970
ICE.BRN	D	20171128	000000	63.3300000	63.4400000	62.7100000	63.2400000	124358
ICE.BRN	D	20171129	000000	63.0200000	63.5900000	61.9300000	62.5300000	218992
ICE.BRN	D	20171130	000000	62.5200000	63.4100000	62.1500000	62.6300000	261489
ICE.BRN	D	20171201	000000	62.7400000	64.3200000	62.5900000	63.7300000	199684
ICE.BRN	D	20171203	000000	63.5000000	63.6800000	63.4800000	63.5800000	369
ICE.BRN	D	20171204	000000	63.5800000	63.6100000	62.3100000	62.4500000	140144
ICE.BRN	D	20171205	000000	62.4500000	63.1500000	62.1200000	62.8600000	131239
ICE.BRN	D	20171206	000000	62.6400000	62.9300000	61.1300000	61.2200000	177150
ICE.BRN	D	20171207	000000	61.3000000	62.2600000	61.1500000	62.2000000	124787
ICE.BRN	D	20171208	000000	62.0800000	63.6400000	62.0100000	63.4000000	172343
ICE.BRN	D	20171210	000000	63.2900000	63.3000000	63.1300000	63.1500000	433
ICE.BRN	D	20171211	000000	63.1600000	64.9300000	62.9900000	64.6900000	176083
ICE.BRN	D	20171212	000000	64.6600000	65.8300000	63.0700000	63.3400000	249573
ICE.BRN	D	20171213	000000	63.8000000	64.3200000	62.3600000	62.4400000	173048
ICE.BRN	D	20171214	000000	62.8100000	63.5000000	62.0100000	63.3100000	153499
ICE.BRN	D	20171215	000000	63.3900000	63.6800000	63.0800000	63.2300000	101689
ICE.BRN	D	20171217	000000	63.3600000	63.3900000	63.2900000	63.3200000	196
ICE.BRN	D	20171218	000000	63.3100000	63.9100000	63.0000000	63.4100000	108489
ICE.BRN	D	20171219	000000	63.4100000	63.9100000	63.3000000	63.8000000	81627
ICE.BRN	D	20171220	000000	63.8300000	64.6000000	63.6700000	64.5600000	102982
ICE.BRN	D	20171221	000000	64.4900000	64.9300000	64.2000000	64.9000000	84077
ICE.BRN	D	20171222	000000	64.6300000	65.2800000	64.3800000	65.2500000	57332
ICE.BRN	D	20171226	000000	64.7400000	66.5400000	64.4800000	66.4600000	75186
ICE.BRN	D	20171227	000000	66.1900000	66.3800000	65.4600000	65.9900000	107957
ICE.BRN	D	20171228	000000	66.0100000	66.3200000	65.7100000	66.1600000	103478
ICE.BRN	D	20171229	000000	66.1500000	66.9800000	66.1500000	66.8700000	107269
ICE.BRN	D	20180102	000000	66.5500000	67.2900000	66.2400000	66.5700000	108458
ICE.BRN	D	20180103	000000	66.5400000	68.0300000	66.4000000	67.8400000	138501
ICE.BRN	D	20180104	000000	67.8900000	68.2700000	67.6200000	68.0700000	135444
ICE.BRN	D	20180105	000000	67.9700000	68.1100000	67.2600000	67.6200000	105464
ICE.BRN	D	20180107	000000	67.8000000	67.8700000	67.7700000	67.7900000	239
ICE.BRN	D	20180108	000000	67.7800000	67.9900000	67.4400000	67.7800000	101873
ICE.BRN	D	20180109	000000	68.0000000	69.2900000	67.7000000	68.8200000	161832
ICE.BRN	D	20180110	000000	69.1200000	69.3700000	68.7500000	69.2000000	142954
ICE.BRN	D	20180111	000000	69.1500000	70.0500000	69.0000000	69.2600000	171282
ICE.BRN	D	20180112	000000	69.1500000	69.9300000	68.5900000	69.8700000	157523
ICE.BRN	D	20180114	000000	69.8800000	69.9100000	69.6700000	69.7200000	264
ICE.BRN	D	20180115	000000	69.7300000	70.3700000	69.5500000	70.2600000	88489
ICE.BRN	D	20180116	000000	70.0500000	70.1300000	68.8300000	69.1500000	171742
ICE.BRN	D	20180117	000000	69.3500000	69.5900000	68.5500000	69.3800000	149880
ICE.BRN	D	20180118	000000	69.5300000	69.6300000	68.8000000	69.3100000	126901
ICE.BRN	D	20180119	000000	69.0100000	69.0800000	68.2800000	68.6100000	160192
ICE.BRN	D	20180121	000000	68.8000000	68.8100000	68.5600000	68.7400000	656
ICE.BRN	D	20180122	000000	68.7600000	69.5100000	68.3900000	69.0300000	133983
ICE.BRN	D	20180123	000000	69.1700000	70.2400000	69.1200000	69.9600000	143806
ICE.BRN	D	20180124	000000	69.9700000	70.9400000	69.5400000	70.5300000	140504
ICE.BRN	D	20180125	000000	70.9500000	71.2800000	69.5800000	69.9700000	136169
ICE.BRN	D	20180126	000000	69.6900000	70.4400000	69.6200000	70.1500000	76120
ICE.BRN	D	20180128	000000	70.1800000	70.1800000	69.9900000	70.1000000	335
ICE.BRN	D	20180129	000000	70.0900000	70.2700000	68.7500000	69.2000000	130211
ICE.BRN	D	20180130	000000	69.0100000	69.1000000	68.0000000	68.5200000	172466
ICE.BRN	D	20180131	000000	67.9900000	69.0000000	67.8100000	68.8900000	166831
ICE.BRN	D	20180201	000000	68.9600000	69.9700000	68.8100000	69.6500000	154932
ICE.BRN	D	20180202	000000	70.0000000	70.0200000	67.9600000	68.5800000	165102
ICE.BRN	D	20180204	000000	68.1500000	68.2800000	68.0500000	68.1200000	497
ICE.BRN	D	20180205	000000	68.1100000	68.4600000	66.9000000	67.6200000	204486
ICE.BRN	D	20180206	000000	67.0200000	67.6000000	66.5300000	66.8600000	197475
ICE.BRN	D	20180207	000000	67.2000000	67.7200000	65.1600000	65.5100000	254557
ICE.BRN	D	20180208	000000	65.2800000	65.6000000	64.1000000	64.8100000	199922
ICE.BRN	D	20180209	000000	64.4400000	64.6400000	61.7700000	62.7900000	267641
ICE.BRN	D	20180211	000000	62.5000000	62.9300000	62.5000000	62.8400000	931
ICE.BRN	D	20180212	000000	62.8300000	64.4000000	62.5600000	62.5900000	193171
ICE.BRN	D	20180213	000000	62.8500000	63.1000000	61.7600000	62.7200000	178239
ICE.BRN	D	20180214	000000	62.8400000	64.5800000	61.9500000	64.3600000	177134
ICE.BRN	D	20180215	000000	64.4400000	65.1500000	63.1200000	64.3300000	181932
ICE.BRN	D	20180216	000000	64.6600000	65.2200000	64.1900000	64.8400000	145396
ICE.BRN	D	20180218	000000	64.9600000	65.0600000	64.8400000	65.0600000	267
ICE.BRN	D	20180219	000000	65.0300000	65.9000000	65.0100000	65.6700000	65181
ICE.BRN	D	20180220	000000	65.6400000	65.8100000	64.7800000	65.2500000	119577
ICE.BRN	D	20180221	000000	65.0500000	65.5300000	64.4000000	65.4200000	106419
ICE.BRN	D	20180222	000000	64.9100000	66.5600000	64.6200000	66.3900000	142864
ICE.BRN	D	20180223	000000	66.3000000	67.3700000	65.7900000	67.3100000	111730
ICE.BRN	D	20180225	000000	67.0200000	67.0400000	66.9900000	67.0200000	283
ICE.BRN	D	20180226	000000	66.9900000	67.6700000	66.4900000	67.2900000	104120
ICE.BRN	D	20180227	000000	67.3600000	67.4200000	66.2200000	66.5200000	136462
ICE.BRN	D	20180228	000000	66.2900000	66.8000000	64.5000000	64.7300000	202456
ICE.BRN	D	20180301	000000	64.5700000	65.0400000	63.1900000	63.8300000	225276
ICE.BRN	D	20180302	000000	64.0700000	64.6400000	63.2000000	64.3700000	141178
ICE.BRN	D	20180304	000000	64.6500000	64.8200000	64.5900000	64.6700000	925
ICE.BRN	D	20180305	000000	64.7400000	65.8800000	64.1000000	65.5400000	144129
ICE.BRN	D	20180306	000000	65.7400000	66.1600000	65.3000000	65.7900000	124424
ICE.BRN	D	20180307	000000	65.2300000	65.8000000	63.8300000	64.3400000	162929
ICE.BRN	D	20180308	000000	64.5100000	64.5600000	63.4300000	63.6100000	125820
ICE.BRN	D	20180309	000000	63.9300000	65.6300000	63.6900000	65.4900000	134808
ICE.BRN	D	20180311	000000	65.5000000	65.6900000	65.4700000	65.6400000	541
ICE.BRN	D	20180312	000000	65.6500000	65.8600000	64.1800000	64.9500000	117904
ICE.BRN	D	20180313	000000	64.9200000	65.6800000	64.0500000	64.6400000	154040
ICE.BRN	D	20180314	000000	64.7300000	65.2100000	64.0600000	64.8900000	138787
ICE.BRN	D	20180315	000000	64.9000000	65.3800000	64.6100000	65.1200000	107732
ICE.BRN	D	20180316	000000	65.0700000	66.4200000	64.8800000	65.9900000	94121
ICE.BRN	D	20180318	000000	66.0100000	66.1500000	65.9800000	66.0000000	262
ICE.BRN	D	20180319	000000	66.0000000	66.3900000	65.3900000	66.1000000	106083
ICE.BRN	D	20180320	000000	66.1500000	67.8800000	66.1500000	67.5900000	160953
ICE.BRN	D	20180321	000000	67.6100000	69.8600000	67.4800000	69.8200000	188277
ICE.BRN	D	20180322	000000	69.6300000	69.7000000	68.5800000	68.8400000	140291
ICE.BRN	D	20180323	000000	69.1100000	70.5700000	68.8700000	70.3600000	147621
ICE.BRN	D	20180325	000000	69.9500000	70.0400000	69.6800000	69.8500000	479
ICE.BRN	D	20180326	000000	69.8600000	70.4000000	69.1100000	69.5200000	95146
ICE.BRN	D	20180327	000000	69.6000000	70.4000000	68.7900000	68.8900000	127761
ICE.BRN	D	20180328	000000	69.0500000	69.4600000	67.9700000	69.0000000	146613
ICE.BRN	D	20180329	000000	69.0300000	69.7700000	68.2200000	69.3500000	151939
ICE.BRN	D	20180401	000000	69.3200000	69.5900000	69.3200000	69.5100000	427
ICE.BRN	D	20180402	000000	69.5100000	70.0400000	67.4900000	67.5700000	122435
ICE.BRN	D	20180403	000000	67.6300000	68.4600000	67.6200000	68.1800000	127965
ICE.BRN	D	20180404	000000	68.1500000	68.2800000	66.6900000	68.2800000	211827
ICE.BRN	D	20180405	000000	68.3600000	68.9300000	67.7300000	68.5000000	135389
ICE.BRN	D	20180406	000000	68.0900000	68.6200000	66.8900000	66.9300000	132314
ICE.BRN	D	20180408	000000	67.1000000	67.2600000	67.0000000	67.2300000	492
ICE.BRN	D	20180409	000000	67.2100000	68.8000000	67.1200000	68.6000000	132574
ICE.BRN	D	20180410	000000	68.4600000	71.3400000	68.4600000	71.0400000	218658
ICE.BRN	D	20180411	000000	71.0300000	73.0900000	70.5700000	71.9500000	257206
ICE.BRN	D	20180412	000000	72.0900000	72.4900000	71.1000000	72.2000000	173373
ICE.BRN	D	20180413	000000	71.9400000	72.8800000	71.5600000	72.6200000	173388
ICE.BRN	D	20180415	000000	72.7000000	72.8500000	72.1100000	72.2700000	2301
ICE.BRN	D	20180416	000000	72.2800000	72.3200000	71.1100000	71.5700000	156811
ICE.BRN	D	20180417	000000	71.6500000	71.8900000	70.8300000	71.7000000	158719
ICE.BRN	D	20180418	000000	71.7200000	73.9200000	71.6600000	73.7900000	188666
ICE.BRN	D	20180419	000000	73.7200000	74.7500000	73.4600000	73.6000000	184251
ICE.BRN	D	20180420	000000	73.9400000	74.2000000	72.8300000	73.7100000	164029
ICE.BRN	D	20180422	000000	73.7700000	74.0000000	73.7600000	74.0000000	413
ICE.BRN	D	20180423	000000	74.0000000	75.1000000	73.1300000	75.0200000	150786
ICE.BRN	D	20180424	000000	75.0900000	75.4700000	73.6800000	73.8600000	156133
ICE.BRN	D	20180425	000000	74.0000000	74.1900000	73.1700000	73.2800000	141968
ICE.BRN	D	20180426	000000	73.3800000	74.1600000	73.3200000	73.9000000	124016
ICE.BRN	D	20180427	000000	73.8500000	74.1400000	73.4500000	73.7000000	116413
ICE.BRN	D	20180429	000000	73.7400000	74.0300000	73.4500000	73.7100000	1103
ICE.BRN	D	20180430	000000	73.7100000	75.6100000	72.8100000	74.7000000	238758
ICE.BRN	D	20180501	000000	74.6500000	74.9800000	72.7400000	73.3800000	182912
ICE.BRN	D	20180502	000000	73.2800000	73.6300000	72.3800000	73.0700000	202722
ICE.BRN	D	20180503	000000	73.0700000	74.0900000	72.4700000	73.6800000	184823
ICE.BRN	D	20180504	000000	73.7400000	75.0800000	73.2400000	75.0000000	173354
ICE.BRN	D	20180506	000000	75.0000000	75.1400000	74.9500000	75.0000000	292
ICE.BRN	D	20180507	000000	75.0000000	76.3400000	74.8300000	75.5600000	142710
ICE.BRN	D	20180508	000000	75.6000000	76.1800000	73.1000000	75.9500000	293625
ICE.BRN	D	20180509	000000	76.1900000	77.4300000	76.0800000	77.3800000	209114
ICE.BRN	D	20180510	000000	77.4400000	78.0000000	76.5100000	77.5300000	172973
ICE.BRN	D	20180511	000000	77.5500000	77.6000000	76.9500000	77.1800000	130095
ICE.BRN	D	20180513	000000	77.0500000	77.1000000	76.8600000	77.0600000	705
ICE.BRN	D	20180514	000000	77.0700000	78.5300000	76.5500000	78.5200000	160958
ICE.BRN	D	20180515	000000	78.4200000	79.4700000	77.9000000	78.1300000	222853
ICE.BRN	D	20180516	000000	78.1000000	79.3500000	77.6100000	79.3300000	165070
ICE.BRN	D	20180517	000000	79.2600000	80.5000000	79.1200000	79.5700000	187802
ICE.BRN	D	20180518	000000	79.4600000	79.8700000	78.3300000	78.7100000	147841
ICE.BRN	D	20180520	000000	78.6100000	78.9900000	78.5300000	78.9000000	568
ICE.BRN	D	20180521	000000	78.8900000	79.5900000	78.1000000	79.4100000	125195
ICE.BRN	D	20180522	000000	79.3600000	80.4900000	79.1600000	79.4500000	168533
ICE.BRN	D	20180523	000000	79.4700000	79.8500000	78.2100000	79.7100000	173565
ICE.BRN	D	20180524	000000	79.6500000	79.7800000	78.5700000	78.8200000	129298
ICE.BRN	D	20180525	000000	78.8200000	78.8800000	76.0100000	76.4500000	194021
ICE.BRN	D	20180527	000000	76.1500000	76.1800000	75.7100000	76.0500000	1310
ICE.BRN	D	20180528	000000	76.0400000	76.0700000	74.5300000	75.3400000	72524
ICE.BRN	D	20180529	000000	75.8200000	76.2300000	74.6700000	75.5400000	136305
ICE.BRN	D	20180530	000000	75.5000000	77.9600000	74.9100000	77.8600000	200655
ICE.BRN	D	20180531	000000	77.6500000	79.1800000	76.9600000	77.6100000	250120
ICE.BRN	D	20180601	000000	77.7100000	77.9500000	76.3500000	76.7100000	170801
ICE.BRN	D	20180603	000000	76.6600000	76.6900000	76.4700000	76.5500000	390
ICE.BRN	D	20180604	000000	76.4800000	76.9500000	75.2000000	75.3700000	162766
ICE.BRN	D	20180605	000000	75.4000000	75.7400000	73.8100000	74.9600000	207006
ICE.BRN	D	20180606	000000	75.1900000	76.2500000	74.4600000	75.8600000	190361
ICE.BRN	D	20180607	000000	75.8800000	77.4500000	75.4400000	77.4400000	166670
ICE.BRN	D	20180608	000000	77.3900000	77.6100000	76.1200000	76.3400000	141779
ICE.BRN	D	20180610	000000	76.3000000	76.4100000	76.2000000	76.3200000	259
ICE.BRN	D	20180611	000000	76.3000000	76.8400000	75.5200000	76.3600000	128462
ICE.BRN	D	20180612	000000	76.5000000	77.0700000	75.4300000	75.4300000	132564
ICE.BRN	D	20180613	000000	75.4000000	76.8700000	75.2600000	76.5600000	166711
ICE.BRN	D	20180614	000000	76.5600000	76.9200000	75.7600000	75.9000000	133435
ICE.BRN	D	20180615	000000	75.9800000	76.0600000	73.0000000	73.0000000	177179
ICE.BRN	D	20180617	000000	73.0600000	73.2600000	73.0000000	73.0400000	1463
ICE.BRN	D	20180618	000000	73.0400000	75.4900000	72.4500000	75.4600000	187858
ICE.BRN	D	20180619	000000	75.2400000	75.5500000	74.4500000	75.0700000	135423
ICE.BRN	D	20180620	000000	75.2000000	75.8600000	74.1000000	74.3000000	195177
ICE.BRN	D	20180621	000000	74.4600000	74.6900000	72.9300000	73.4000000	186270
ICE.BRN	D	20180622	000000	73.2400000	75.8300000	73.2400000	75.5300000	216175
ICE.BRN	D	20180624	000000	74.8000000	75.0800000	74.0000000	74.1700000	3787
ICE.BRN	D	20180625	000000	74.2200000	75.1300000	73.7400000	74.5700000	131277
ICE.BRN	D	20180626	000000	74.5700000	76.5500000	73.9700000	76.4800000	169282
ICE.BRN	D	20180627	000000	76.4100000	78.0000000	76.1100000	77.1300000	183406
ICE.BRN	D	20180628	000000	77.3500000	78.2000000	77.0700000	77.5500000	161026
ICE.BRN	D	20180629	000000	77.5400000	79.5600000	77.1600000	79.1200000	241478
ICE.BRN	D	20180701	000000	78.5500000	78.7500000	77.9900000	78.6900000	2166
ICE.BRN	D	20180702	000000	78.6700000	78.9500000	77.1600000	77.4900000	158045
ICE.BRN	D	20180703	000000	77.4000000	78.5500000	76.6700000	77.8800000	170901
ICE.BRN	D	20180704	000000	77.8900000	78.2800000	77.6100000	78.1600000	65654
ICE.BRN	D	20180705	000000	78.1400000	78.5000000	77.3000000	77.5400000	151742
ICE.BRN	D	20180706	000000	77.5700000	77.6800000	76.3600000	77.2900000	163961
ICE.BRN	D	20180708	000000	77.2100000	77.2900000	77.1200000	77.2200000	298
ICE.BRN	D	20180709	000000	77.1900000	78.3100000	77.0400000	78.1800000	116224
ICE.BRN	D	20180710	000000	78.2500000	79.5100000	78.1500000	78.8600000	163885
ICE.BRN	D	20180711	000000	78.7800000	78.8300000	73.0400000	74.1700000	316026
ICE.BRN	D	20180712	000000	74.1700000	75.1000000	72.6700000	74.5300000	229729
ICE.BRN	D	20180713	000000	74.3400000	75.9300000	73.2200000	74.9200000	170300
ICE.BRN	D	20180715	000000	74.9200000	75.1400000	74.9000000	75.1300000	455
ICE.BRN	D	20180716	000000	75.1300000	75.3700000	71.5200000	71.8700000	211290
ICE.BRN	D	20180717	000000	72.0100000	72.7800000	71.3500000	71.6000000	162327
ICE.BRN	D	20180718	000000	71.7400000	73.2800000	71.1900000	73.0600000	172448
ICE.BRN	D	20180719	000000	73.0600000	73.7900000	71.8300000	72.6200000	162361
ICE.BRN	D	20180720	000000	72.6500000	73.4700000	72.2600000	73.0000000	130909
ICE.BRN	D	20180722	000000	73.2200000	73.2200000	72.8500000	73.1500000	242
ICE.BRN	D	20180723	000000	73.1900000	74.5000000	72.5200000	72.9300000	141767
ICE.BRN	D	20180724	000000	72.9100000	74.0000000	72.6800000	73.7500000	109512
ICE.BRN	D	20180725	000000	73.7000000	75.0600000	73.0700000	74.8400000	124383
ICE.BRN	D	20180726	000000	74.8100000	75.3000000	74.3200000	75.0600000	96558
ICE.BRN	D	20180727	000000	75.0700000	75.3900000	74.3500000	74.9200000	97780
ICE.BRN	D	20180729	000000	74.9400000	74.9400000	74.7300000	74.8300000	125
ICE.BRN	D	20180730	000000	74.8200000	75.7900000	74.6400000	75.3500000	112967
ICE.BRN	D	20180731	000000	75.4500000	75.6200000	73.8500000	74.1900000	180173
ICE.BRN	D	20180801	000000	74.0700000	74.1200000	72.1300000	72.6200000	181964
ICE.BRN	D	20180802	000000	72.4200000	73.7500000	71.8400000	73.3900000	141181
ICE.BRN	D	20180803	000000	73.3700000	73.7300000	72.4800000	73.4200000	116271
ICE.BRN	D	20180805	000000	73.2100000	73.2600000	73.0800000	73.2000000	346
ICE.BRN	D	20180806	000000	73.2000000	74.4700000	73.1600000	73.6700000	128470
ICE.BRN	D	20180807	000000	73.6100000	74.9000000	73.5700000	74.4600000	122957
ICE.BRN	D	20180808	000000	74.6400000	74.8700000	71.6500000	72.2300000	188855
ICE.BRN	D	20180809	000000	72.1600000	72.8900000	71.8600000	72.0300000	120903
ICE.BRN	D	20180810	000000	71.9700000	73.1400000	71.4000000	72.9600000	141182
ICE.BRN	D	20180812	000000	73.0000000	73.0000000	72.6900000	73.0000000	568
ICE.BRN	D	20180813	000000	73.0000000	73.0900000	71.0400000	72.8300000	136472
ICE.BRN	D	20180814	000000	72.8200000	73.9300000	72.1600000	72.1600000	152019
ICE.BRN	D	20180815	000000	72.2200000	72.4400000	70.3000000	70.8100000	172915
ICE.BRN	D	20180816	000000	70.6500000	71.5200000	70.4000000	71.4300000	115789
ICE.BRN	D	20180817	000000	71.3700000	72.4900000	71.2500000	71.8600000	120045
ICE.BRN	D	20180819	000000	71.7700000	71.8300000	71.6700000	71.7500000	229
ICE.BRN	D	20180820	000000	71.7000000	72.7500000	71.4200000	72.1000000	130027
ICE.BRN	D	20180821	000000	72.1500000	72.9500000	72.0500000	72.8200000	104858
ICE.BRN	D	20180822	000000	72.7600000	75.0000000	72.7000000	74.9200000	172256
ICE.BRN	D	20180823	000000	74.7200000	74.8700000	74.2100000	74.7100000	107096
ICE.BRN	D	20180824	000000	74.7300000	76.4200000	74.6800000	75.4300000	141905
ICE.BRN	D	20180826	000000	75.8300000	76.0000000	75.8300000	75.9900000	69
ICE.BRN	D	20180827	000000	75.9900000	76.6400000	75.7100000	76.5600000	41170
ICE.BRN	D	20180828	000000	76.6400000	77.2400000	76.0600000	76.2700000	85675
ICE.BRN	D	20180829	000000	76.3400000	77.7500000	76.0100000	77.6900000	117193
ICE.BRN	D	20180830	000000	77.6500000	78.3200000	77.5100000	77.7500000	126624
ICE.BRN	D	20180831	000000	77.8100000	78.2200000	77.2300000	77.7100000	142139
ICE.BRN	D	20180902	000000	77.6900000	77.8500000	77.6900000	77.7800000	176
ICE.BRN	D	20180903	000000	77.7800000	78.4400000	77.3000000	78.0100000	70988
ICE.BRN	D	20180904	000000	78.1900000	79.7200000	77.4400000	77.8600000	192389
ICE.BRN	D	20180905	000000	77.8200000	78.0900000	76.9100000	77.1200000	161641
ICE.BRN	D	20180906	000000	77.0200000	77.7700000	75.6400000	76.6300000	169989
ICE.BRN	D	20180907	000000	76.6900000	77.1000000	75.8800000	77.1000000	140108
ICE.BRN	D	20180909	000000	77.0800000	77.3000000	77.0400000	77.2500000	421
ICE.BRN	D	20180910	000000	77.2400000	77.9200000	76.9000000	77.3600000	140348
ICE.BRN	D	20180911	000000	77.3800000	79.5400000	77.3600000	79.5000000	176596
ICE.BRN	D	20180912	000000	79.4200000	80.1300000	78.7500000	79.7500000	198288
ICE.BRN	D	20180913	000000	79.6000000	79.7100000	77.8700000	78.4300000	184764
ICE.BRN	D	20180914	000000	78.4500000	78.9400000	77.3700000	78.1000000	147529
ICE.BRN	D	20180916	000000	78.0700000	78.1800000	77.9500000	77.9900000	384
ICE.BRN	D	20180917	000000	77.9600000	78.9000000	77.7300000	78.0000000	133786
ICE.BRN	D	20180918	000000	77.7800000	79.7300000	77.4600000	78.9000000	181316
ICE.BRN	D	20180919	000000	78.9700000	79.5000000	78.5100000	79.3400000	137302
ICE.BRN	D	20180920	000000	79.4400000	79.8300000	78.5100000	78.7100000	138526
ICE.BRN	D	20180921	000000	78.6700000	80.1200000	78.2300000	78.7700000	175785
ICE.BRN	D	20180923	000000	78.9700000	79.8700000	78.9700000	79.7100000	2240
ICE.BRN	D	20180924	000000	79.7100000	81.4800000	79.6700000	81.3900000	151661
ICE.BRN	D	20180925	000000	81.3500000	82.5500000	80.8700000	80.8900000	133036
ICE.BRN	D	20180926	000000	80.9400000	81.5600000	80.5200000	81.1800000	135640
ICE.BRN	D	20180927	000000	81.2500000	81.9000000	80.8400000	81.3000000	158894
ICE.BRN	D	20180928	000000	81.4400000	83.4100000	81.2900000	82.9500000	209132
ICE.BRN	D	20180930	000000	82.7900000	83.0500000	82.7300000	82.9800000	450
ICE.BRN	D	20181001	000000	82.9700000	85.4500000	82.5500000	84.9500000	220710
ICE.BRN	D	20181002	000000	84.9500000	85.3800000	84.3100000	84.6400000	160896
ICE.BRN	D	20181003	000000	84.7900000	86.7400000	84.0100000	86.1000000	229372
ICE.BRN	D	20181004	000000	85.9900000	86.4300000	84.1400000	84.8800000	222335
ICE.BRN	D	20181005	000000	84.8900000	85.1200000	83.9200000	84.1100000	176541
