25	36	10	12	24	33
6	27	33	24	23	18
21	31	20	34	15	27
6	29	18	17	26	24
30	33	11	13	34	21
33	9	34	14	24	17
3	26	11	1	21	17
34	2	21	4	11	17
36	30	4	5	11	14
9	32	15	6	22	25
29	10	17	11	24	7
10	31	13	22	33	19
16	24	32	36	30	5
36	7	30	12	27	35
29	22	19	26	13	10
9	23	24	30	17	34
22	1	34	6	21	5
2	16	25	20	34	18
27	13	34	19	11	33
32	3	17	11	28	15
17	26	20	23	7	8
10	2	11	20	28	19
7	29	8	1	21	33
12	11	25	1	6	32
1	13	18	25	34	33
36	23	21	8	4	9
14	22	19	3	9	5
15	4	2	17	18	34
32	1	24	23	3	25
13	7	32	4	2	18
2	4	28	3	14	18
6	14	19	2	1	26
9	19	16	13	23	27
33	1	27	18	22	15
2	24	22	12	16	25
3	18	1	11	7	32
20	12	32	6	28	35
2	13	4	24	18	6
9	4	8	5	36	23
17	1	11	29	36	23
10	1	14	2	30	20
1	31	21	29	8	30
30	35	1	3	19	18
15	31	27	23	17	19
30	35	7	5	26	3
34	18	33	14	23	11
19	13	7	12	23	18
6	14	36	23	27	31
9	23	35	2	16	17
27	12	31	10	21	25
16	27	3	10	12	19
3	16	2	23	9	27
27	7	31	11	6	23
5	14	3	30	7	8
2	26	21	15	30	9
9	23	7	29	4	15
35	27	7	13	28	5
30	22	13	12	7	17
16	8	23	4	22	1
35	6	3	31	19	7
9	28	25	29	27	15
25	14	30	20	18	26
1	6	33	16	35	28
27	4	16	23	36	19
27	5	1	24	12	28
36	3	8	14	28	32
15	31	34	32	11	28
18	20	33	9	23	6
29	23	13	15	6	35
14	27	34	28	15	25
12	22	5	27	9	34
32	18	1	29	19	33
28	23	7	2	4	9
25	18	33	20	22	30
3	5	14	36	24	6
36	5	13	4	19	9
27	5	26	12	1	22
32	12	6	13	31	20
13	28	34	12	22	11
21	16	3	20	1	31
10	22	5	19	21	30
32	31	23	16	34	24
10	7	30	35	26	9
13	31	5	10	4	16
10	31	21	7	5	15
32	14	9	21	34	2
14	3	13	10	19	22
15	5	8	34	23	27
17	21	5	4	36	32
29	27	8	17	14	31
12	22	3	6	16	1
25	8	22	27	36	6
23	6	26	14	36	22
15	31	35	3	2	16
19	4	30	20	25	21
6	35	21	26	20	12
7	16	31	34	14	26
18	1	11	23	29	8
15	13	21	16	20	23
27	15	34	2	10	25
13	29	26	36	32	35
23	16	31	36	12	28
36	20	13	5	32	22
19	29	15	2	8	6
33	1	36	22	19	10
8	20	25	27	24	33
22	15	21	26	6	10
21	31	30	23	11	2
10	17	12	18	8	25
20	6	22	8	9	24
11	23	15	24	12	31
36	8	21	17	26	1
14	34	16	1	33	6
5	3	10	30	9	7
6	25	35	24	9	11
8	17	29	3	7	22
30	5	7	11	13	2
2	10	21	14	11	5
14	19	32	18	34	17
30	31	9	29	22	17
32	3	30	34	36	24
2	23	31	21	12	27
32	3	34	21	17	13
22	19	29	18	31	8
14	22	7	1	20	33
4	35	17	26	32	2
15	5	13	3	20	7
5	29	31	16	6	11
2	23	13	4	1	33
21	33	12	14	11	36
23	24	32	3	16	14
16	34	20	15	31	4
24	26	11	5	15	6
9	2	35	20	25	30
10	18	12	11	35	2
1	13	34	6	16	33
1	12	8	34	16	9
5	29	31	30	34	21
30	20	24	4	7	6
16	32	30	17	22	26
20	17	22	2	36	15
13	14	1	31	17	28
28	3	20	23	36	14
27	29	20	32	6	16
14	24	25	19	15	10
2	19	21	27	33	30
18	3	8	19	28	14
4	18	33	22	21	23
33	31	22	8	2	34
18	5	1	26	17	10
14	7	21	33	24	28
24	27	12	10	1	2
3	13	24	21	35	26
13	32	3	2	7	6
18	9	25	24	32	28
19	3	17	7	16	6
4	17	16	9	20	21
36	19	24	4	14	17
25	29	10	19	4	7
16	1	17	9	18	26
31	14	21	20	27	13
10	11	22	15	14	23
31	10	26	30	24	5
20	27	11	18	4	26
21	15	6	29	8	2
19	3	8	12	13	23
13	22	17	12	24	19
3	29	21	19	24	28
27	12	13	3	16	33
25	4	10	28	3	14
20	3	2	23	7	30
9	13	28	16	2	35
19	36	33	34	28	15
6	25	34	17	1	9
36	13	3	22	27	7
25	22	10	12	17	34
21	29	9	13	33	19
17	1	34	23	3	18
8	32	28	17	21	34
22	35	8	1	10	7
31	30	5	29	19	17
22	14	11	10	15	34
22	33	28	29	17	16
1	7	10	27	5	33
24	26	33	5	14	20
27	25	26	7	33	1
25	18	26	17	22	30
35	30	33	24	2	4
11	31	28	20	15	35
29	35	11	28	25	16
5	11	33	28	9	20
30	27	15	32	2	36
36	32	3	5	6	4
11	2	24	36	5	12
8	35	18	34	20	17
33	17	19	22	21	13
16	31	32	2	18	13
20	6	15	2	25	27
7	15	3	10	27	21
11	10	21	13	2	27
7	15	26	6	4	22
20	34	16	8	6	14
12	15	30	24	21	2
7	24	17	25	10	8
20	12	27	15	10	31
4	30	22	36	9	21
27	35	28	36	24	18
36	30	6	28	3	21
33	4	27	29	6	22
33	8	14	4	10	20
23	22	26	16	24	25
30	7	17	19	35	29
32	8	23	29	10	28
35	4	19	28	32	5
19	12	34	21	22	9
13	12	35	10	32	19
29	26	36	35	34	24
33	16	26	23	13	17
18	8	21	11	10	27
25	15	36	8	21	17
30	16	32	24	36	31
9	34	33	14	2	11
36	20	14	1	3	24
30	5	23	18	12	20
7	9	5	34	25	17
26	17	23	29	8	10
33	10	34	31	17	20
19	16	36	24	14	1
32	17	3	28	34	19
19	5	35	4	2	33
19	32	3	13	26	10
8	35	29	9	24	2
36	28	22	2	18	21
33	28	35	14	17	7
27	4	35	23	8	34
1	19	8	23	30	33
19	27	29	15	32	33
14	8	21	27	17	16
13	36	21	11	14	33
3	27	18	25	13	5
2	32	7	30	34	26
30	4	5	20	6	7
9	31	33	17	24	12
3	32	4	28	23	5
22	21	35	31	29	4
4	20	33	14	27	5
14	36	35	25	4	34
14	34	10	1	16	21
13	12	27	11	28	36
26	6	10	24	15	19
12	29	10	9	35	15
17	3	11	33	22	6
20	7	3	29	26	34
8	26	29	10	6	15
10	24	19	17	30	22
36	14	2	11	22	12
6	4	26	32	24	27
34	11	18	20	7	2
16	36	19	34	3	18
34	24	16	15	35	19
31	29	30	1	9	18
10	27	28	19	36	26
16	35	18	19	34	27
36	22	8	26	3	4
3	24	7	19	8	28
5	16	19	14	9	29
31	10	3	6	2	33
15	23	29	35	6	28
12	22	19	33	25	16
28	16	2	29	7	14
34	10	9	33	5	21
9	33	28	19	8	26
24	35	20	4	36	6
6	16	9	3	2	22
16	12	20	5	25	4
6	15	36	17	1	14
29	12	26	20	35	10
10	33	30	19	16	25
15	25	27	33	6	30
6	20	34	1	9	14
14	18	11	10	16	22
4	28	19	9	6	18
9	22	4	3	17	31
20	12	4	22	34	24
17	4	29	18	16	5
35	16	3	20	14	9
9	24	21	23	5	28
35	22	29	31	3	9
26	28	16	35	3	5
25	14	17	29	5	1
9	14	2	8	28	20
28	11	13	17	14	7
16	19	31	20	13	1
14	22	30	32	9	12
15	17	24	3	8	22
36	2	24	34	35	18
4	25	14	22	13	8
10	28	3	2	12	33
8	29	36	10	4	17
21	26	12	14	27	4
5	26	6	28	35	23
4	29	12	10	30	20
11	2	27	22	15	29
22	5	30	6	15	35
18	28	25	27	6	35
22	18	31	7	34	9
17	34	6	29	21	13
35	18	7	36	28	16
25	18	1	15	14	20
34	25	33	20	31	14
3	24	32	29	31	10
15	3	26	20	4	23
16	6	1	2	5	35
24	22	8	19	17	3
29	35	30	8	23	28
6	30	32	2	14	26
26	16	31	10	27	8
3	9	22	6	12	2
10	15	21	8	24	3
32	36	4	16	31	6
9	8	27	30	22	10
7	34	27	12	21	22
24	26	4	13	18	29
6	36	14	9	7	34
20	31	25	9	13	17
10	21	34	36	29	31
20	32	31	15	16	14
6	14	20	3	27	29
9	28	30	3	14	11
16	3	29	35	21	17
14	25	16	15	22	33
6	17	12	19	10	20
23	5	35	24	10	25
16	8	2	11	22	14
27	7	10	28	11	19
27	18	22	36	28	30
12	24	15	17	36	14
21	10	26	15	33	36
11	16	36	27	32	24
14	5	8	36	4	10
2	18	23	19	29	35
21	5	9	4	36	26
1	25	6	21	31	13
28	13	32	21	11	24
23	26	12	4	31	8
35	21	26	11	27	19
24	7	8	23	30	16
34	7	27	15	16	14
21	6	7	20	24	27
18	34	5	21	29	22
9	24	33	17	27	34
35	6	10	7	16	29
13	10	32	1	17	2
8	20	36	35	3	15
32	34	3	17	16	9
14	23	33	31	5	12
5	4	12	19	29	23
17	29	23	15	12	22
19	24	4	21	3	23
32	5	29	1	28	14
7	22	5	15	14	24
32	21	25	18	35	6
16	4	14	22	19	13
20	22	14	26	35	19
30	36	17	4	31	27
14	34	24	2	20	16
21	1	19	29	20	5
30	1	32	12	7	2
18	25	27	14	29	3
11	9	1	12	5	30
36	17	24	4	33	6
9	33	26	16	12	30
4	27	17	16	1	29
34	10	1	32	7	12
25	23	21	32	7	6
30	18	12	4	27	33
13	11	26	28	12	5
14	31	19	8	13	29
8	30	11	16	1	21
14	35	20	30	21	2
18	15	36	35	29	19
4	31	29	35	9	11
20	28	10	22	34	8
1	27	11	18	29	17
4	12	25	23	16	3
12	7	27	1	24	25
31	36	11	6	17	30
11	18	32	27	30	17
33	31	16	26	7	27
26	10	16	11	20	22
21	19	1	22	9	4
18	12	36	25	23	30
36	33	34	5	3	19
23	27	4	34	28	33
10	7	11	33	2	29
12	29	20	21	15	35
25	13	1	9	15	19
22	16	12	7	9	33
19	13	25	17	4	16
1	3	23	30	25	35
34	31	12	4	2	36
23	17	10	26	34	27
3	30	5	16	11	8
16	20	18	21	28	11
13	7	28	9	26	14
1	13	28	33	18	35
26	19	25	15	16	10
6	3	35	31	7	18
2	34	19	31	15	9
34	1	5	7	11	4
20	4	30	26	13	17
31	35	30	21	13	17
4	33	14	1	28	24
33	23	6	24	5	9
26	34	9	1	2	16
19	14	25	2	30	22
27	21	7	11	3	23
25	17	11	8	12	18
15	21	22	7	31	36
36	33	2	34	8	29
8	34	24	31	19	35
31	20	4	21	34	23
35	21	23	36	10	14
12	1	7	17	5	27
4	31	1	18	34	12
34	3	6	10	17	33
32	3	14	16	36	12
8	12	21	24	27	26
8	22	20	26	21	5
35	10	26	24	23	16
13	36	17	5	29	3
31	14	17	9	23	1
35	27	15	36	5	14
19	10	11	12	21	4
21	13	16	20	8	4
28	5	29	34	10	12
19	30	29	24	15	26
17	4	23	16	7	33
21	13	27	34	35	20
31	16	30	22	17	19
34	22	23	31	28	32
25	31	35	4	28	36
10	7	11	30	26	33
31	8	17	24	15	2
30	28	15	32	10	1
21	22	13	35	31	15
8	35	7	29	32	34
20	7	3	35	33	24
6	25	20	23	34	19
21	25	2	11	17	24
4	33	25	29	17	5
28	15	6	11	19	2
29	25	24	32	20	10
30	11	12	21	32	29
7	12	3	20	32	13
16	27	26	30	2	21
19	35	34	20	8	2
33	24	23	26	34	9
26	4	11	6	13	23
18	3	20	12	9	4
29	27	5	25	9	21
33	17	20	11	10	5
10	24	36	21	28	31
6	36	7	26	2	4
8	5	3	13	26	19
34	2	7	6	30	17
32	33	13	10	2	5
14	29	8	26	5	33
22	6	30	36	4	24
26	22	13	20	33	32
3	4	34	11	27	36
30	8	13	2	17	3
25	17	31	23	12	27
33	17	30	31	7	15
30	32	23	34	14	22
8	5	26	21	11	2
36	12	10	19	18	5
12	3	11	4	32	26
4	25	13	30	32	15
5	15	6	33	2	28
23	8	29	36	7	20
4	14	9	35	20	30
22	27	16	18	19	28
4	27	8	23	14	36
23	30	5	13	18	7
15	18	23	27	36	16
9	28	7	27	20	21
5	2	22	17	12	28
21	30	27	33	12	18
10	28	23	15	9	34
36	8	1	15	22	24
18	26	23	21	22	28
19	20	34	13	18	10
12	29	32	17	7	24
36	11	20	26	19	21
31	35	7	27	26	6
20	14	7	1	23	24
6	16	31	4	25	20
26	11	35	15	22	17
9	16	2	1	10	18
16	31	22	9	18	5
19	9	18	30	13	12
31	24	13	28	7	5
22	10	1	29	5	17
7	16	3	1	25	33
27	29	2	17	13	28
11	16	19	9	33	10
19	24	25	21	15	27
30	26	13	28	10	6
3	17	1	15	2	31
24	14	29	33	13	7
15	21	8	19	27	20
28	8	19	2	6	1
34	35	21	28	27	30
14	22	8	17	31	21
17	4	25	22	34	33
22	32	28	23	29	1
31	9	23	8	36	32
6	8	17	27	14	24
10	6	22	4	31	26
12	11	33	26	4	22
26	3	18	15	19	30
6	29	7	35	19	5
28	18	30	24	17	34
25	3	32	8	22	14
32	34	20	7	4	27
18	22	3	27	20	35
28	36	22	35	29	2
7	10	35	31	11	6
23	36	35	3	9	32
28	21	15	11	22	17
20	34	16	19	17	25
27	20	12	33	29	9
35	12	3	6	11	28
4	6	14	30	36	8
6	12	7	36	31	33
27	6	20	26	13	35
15	25	13	10	12	5
16	30	31	7	21	8
17	24	25	16	27	8
2	8	27	25	30	10
36	19	16	9	5	12
27	31	11	20	23	13
12	19	8	31	28	33
10	24	20	2	17	14
33	34	12	3	32	18
33	9	7	23	35	4
12	1	8	2	7	33
16	29	10	24	25	36
26	18	31	28	10	25
28	31	34	16	8	21
19	14	7	5	15	18
16	24	23	18	7	5
29	24	11	30	17	23
28	8	33	30	2	32
30	24	15	33	26	36
30	29	6	34	3	13
14	12	25	30	7	5
12	33	6	35	14	30
20	30	34	4	7	21
8	27	2	32	6	20
17	19	16	4	33	18
4	11	31	14	27	9
21	32	12	22	5	1
8	14	10	30	15	21
36	12	29	7	28	18
5	36	3	15	24	26
10	23	1	17	7	4
35	7	36	12	29	15
12	24	5	6	4	31
29	13	18	27	4	6
21	20	2	10	4	35
12	15	30	23	25	8
5	36	10	32	19	24
19	32	12	34	10	15
35	32	29	25	3	5
7	33	13	35	10	11
25	14	5	17	36	20
18	2	24	10	30	19
27	12	13	3	28	15
9	28	15	3	5	19
33	31	32	8	14	9
34	26	31	16	27	2
11	27	26	29	3	20
24	7	19	9	25	29
16	2	11	14	3	18
10	34	25	2	12	19
34	2	3	10	28	18
32	17	20	33	36	19
28	26	11	1	4	33
25	33	31	6	21	27
29	3	21	17	20	28
12	21	16	3	13	1
16	23	19	8	10	18
21	4	24	26	35	1
36	33	22	20	12	5
17	1	19	28	14	32
11	28	1	2	27	22
2	17	9	26	6	36
21	22	15	13	18	36
21	30	32	27	17	18
36	10	25	8	13	14
16	11	17	18	26	24
14	18	19	13	17	15
33	9	24	18	31	2
33	30	2	11	20	28
29	9	24	3	33	11
1	33	19	28	10	3
13	23	3	32	4	26
23	26	21	15	28	14
20	36	28	10	35	34
16	2	25	14	7	33
29	9	36	3	15	24
34	31	5	2	12	8
23	19	10	20	14	28
4	22	24	36	28	23
16	27	26	15	17	1
24	21	35	5	4	27
35	15	22	29	13	2
28	2	17	31	15	4
4	13	27	15	26	12
27	11	8	28	30	33
14	20	11	4	1	12
3	32	2	25	31	35
34	12	1	25	17	26
1	11	10	12	17	6
13	8	10	31	20	2
29	19	20	26	16	34
21	34	4	5	30	10
28	36	16	1	27	9
23	26	31	27	32	4
19	12	3	30	18	35
32	19	3	2	1	11
2	4	8	26	29	31
20	12	17	3	19	18
29	28	13	1	10	3
33	16	11	25	3	29
14	13	4	18	23	3
9	26	12	5	16	18
22	32	25	26	33	10
6	17	14	29	30	4
18	9	31	28	20	15
15	23	12	14	17	13
25	32	11	33	16	13
28	1	30	36	26	25
15	9	24	12	26	17
15	16	1	36	32	34
35	26	2	28	17	8
17	14	8	23	5	21
25	5	9	24	35	20
8	24	5	27	6	13
28	27	34	4	12	31
6	13	20	33	30	10
34	21	35	9	24	30
15	8	6	12	11	4
30	5	14	35	25	33
30	10	27	24	15	12
28	35	1	26	13	4
16	33	15	18	29	0
19	8	25	13	18	0
23	5	3	7	29	0
19	32	28	3	24	0
19	29	4	11	28	0
16	5	2	17	33	0
33	13	4	32	25	0
9	35	28	36	14	0
2	34	20	6	5	0
30	20	17	8	29	0
35	27	19	24	29	0
8	18	2	10	30	0
26	11	18	7	17	0
14	27	7	4	8	0
22	9	27	20	24	0
3	9	20	15	33	0
17	9	13	29	7	0
29	1	36	7	26	0
7	11	2	9	20	0
32	3	10	24	29	0
15	17	34	9	16	0
6	22	28	12	5	0
22	23	26	18	10	0
25	5	20	33	16	0
24	7	21	20	19	0
22	2	14	20	4	0
26	11	19	35	33	0
5	18	17	3	13	0
27	30	35	15	36	0
30	12	32	7	34	0
1	35	27	25	18	0
20	1	14	4	8	0
3	27	33	35	6	0
30	16	13	20	33	0
25	18	34	19	15	0
11	9	26	33	2	0
13	19	26	31	15	0
28	15	1	33	6	0
2	10	27	25	17	0
5	11	2	22	7	0
31	13	28	26	27	0
2	10	26	32	12	0
16	28	5	32	19	0
17	11	4	3	21	0
1	9	18	29	15	0
29	12	14	18	5	0
6	3	9	12	20	0
27	14	19	12	26	0
20	9	8	24	5	0
1	28	34	6	7	0
33	32	16	2	20	0
31	34	17	9	26	0
35	30	20	17	36	0
11	9	3	31	24	0
15	35	24	8	11	0
6	33	19	30	21	0
10	9	21	22	30	0
8	15	21	2	22	0
27	33	13	23	5	0
1	8	35	29	12	0
3	24	1	31	11	0
12	16	24	34	26	0
31	28	5	1	27	0
31	15	17	24	25	0
28	3	16	23	29	0
18	5	13	31	28	0
35	20	13	6	14	0
35	36	20	34	24	0
12	19	11	6	8	0
30	36	24	8	25	0
36	13	2	34	7	0
22	8	36	28	10	0
27	2	20	8	26	0
28	3	19	20	6	0
15	13	30	17	9	0
18	14	21	1	32	0
13	7	21	25	4	0
20	11	25	8	13	0
34	12	7	6	2	0
19	22	29	17	20	0
1	10	18	30	36	0
5	27	12	13	20	0
11	3	15	31	6	0
28	1	17	15	19	0
4	20	22	7	33	0
36	20	10	16	2	0
19	23	10	32	9	0
7	1	16	5	11	0
31	8	18	21	5	0
20	24	17	13	7	0
36	23	29	16	14	0
17	2	28	20	21	0
16	19	23	26	13	0
17	6	2	11	19	0
1	2	7	20	5	0
32	17	26	9	20	0
4	36	10	16	33	0
27	6	35	22	7	0
21	20	18	7	36	0
25	1	17	28	34	0
8	32	25	6	15	0
36	21	3	8	34	0
8	27	21	14	3	0
35	10	7	2	3	0
22	26	28	34	21	0
14	8	17	36	21	0
13	29	32	24	36	0
24	9	1	22	34	0
26	6	32	14	21	0
2	25	28	3	5	0
14	17	13	33	19	0
12	18	9	13	11	0
24	32	2	7	26	0
30	32	34	21	10	0
25	29	28	35	33	0
6	19	22	29	31	0
22	25	1	11	17	0
33	22	2	13	17	0
10	7	28	1	18	0
15	24	10	25	21	0
7	33	19	5	20	0
32	6	20	3	13	0
27	5	1	6	30	0
13	2	6	17	5	0
13	27	1	22	26	0
15	20	22	27	16	0
35	25	19	23	18	0
21	5	35	1	8	0
16	3	30	8	13	0
23	11	2	13	15	0
18	6	25	31	20	0
9	28	35	33	21	0
36	9	8	25	13	0
7	22	34	35	6	0
30	9	26	20	11	0
9	33	36	31	17	0
3	31	1	29	25	0
31	10	25	32	20	0
36	18	17	11	9	0
17	31	9	21	28	0
12	17	15	5	36	0
20	3	26	25	18	0
2	6	17	18	13	0
35	21	13	19	2	0
3	18	35	28	24	0
3	8	34	33	5	0
26	9	25	33	18	0
36	3	9	30	24	0
6	11	19	10	7	0
9	32	14	3	11	0
28	33	30	15	7	0
15	3	33	16	4	0
14	23	22	4	30	0
34	23	32	24	28	0
28	13	32	34	14	0
8	35	32	18	16	0
9	24	28	17	16	0
10	26	28	21	35	0
20	15	31	6	19	0
24	15	18	13	3	0
31	25	20	28	6	0
7	4	18	28	20	0
35	2	14	9	12	0
14	9	18	24	13	0
16	34	19	30	3	0
32	36	5	30	14	0
24	23	9	6	13	0
12	24	36	16	1	0
18	35	16	4	15	0
27	8	4	25	2	0
8	17	24	1	19	0
33	10	5	27	17	0
33	34	11	29	14	0
19	16	32	3	30	0
10	30	11	20	9	0
19	25	24	4	9	0
27	17	21	29	6	0
13	17	8	5	26	0
34	3	16	14	19	0
6	21	29	30	27	0
12	32	35	18	25	0
7	10	16	31	36	0
33	1	34	2	36	0
30	27	31	32	25	0
11	10	16	32	27	0
3	26	14	9	27	0
23	31	18	29	13	0
31	6	17	3	32	0
12	28	23	25	30	0
15	23	6	3	31	0
23	4	28	18	1	0
14	4	10	11	29	0
20	11	33	4	15	0
33	16	35	32	24	0
32	16	25	1	5	0
8	13	12	24	11	0
12	34	17	8	6	0
18	3	13	7	20	0
4	18	10	15	34	0
2	21	24	32	23	0
2	21	1	18	5	0
12	26	5	7	29	0
22	20	36	15	33	0
35	18	9	36	8	0
1	3	11	32	9	0
4	26	17	13	36	0
24	26	13	2	22	0
18	13	11	22	1	0
20	10	2	21	16	0
27	11	17	24	30	0
32	17	23	31	3	0
21	5	3	26	34	0
2	6	28	8	23	0
21	10	26	1	18	0
30	9	33	24	21	0
9	16	24	28	33	0
32	9	26	27	16	0
31	30	35	19	7	0
2	14	15	23	33	0
17	25	26	14	12	0
14	20	8	16	34	0
18	10	23	21	4	0
25	17	6	35	36	0
16	15	6	36	20	0
10	17	18	29	33	0
11	20	8	33	26	0
36	8	22	27	34	0
20	17	28	11	27	0
29	20	10	12	25	0
5	31	15	1	19	0
29	5	8	19	10	0
1	6	19	16	21	0
24	33	36	10	13	0
35	33	13	22	23	0
1	16	35	28	9	0
33	13	14	10	21	0
8	5	3	13	6	0
16	10	26	5	1	0
1	20	7	19	24	0
3	15	23	11	25	0
8	24	20	30	17	0
26	5	32	36	7	0
26	16	5	27	10	0
13	19	36	27	25	0
35	11	20	10	21	0
35	23	3	20	11	0
8	10	34	6	28	0
32	2	27	28	25	0
34	6	5	30	35	0
28	9	36	26	29	0
6	15	32	4	18	0
31	34	10	24	14	0
29	12	14	11	19	0
26	6	19	4	9	0
17	12	1	21	26	0
26	11	1	16	28	0
26	13	31	9	5	0
16	29	15	5	4	0
25	15	24	30	3	0
21	18	20	22	13	0
24	36	17	12	1	0
20	12	1	14	35	0
16	1	32	31	26	0
12	33	29	21	14	0
18	19	3	31	29	0
27	25	15	7	1	0
6	34	13	30	36	0
12	29	36	2	1	0
24	5	16	17	33	0
7	22	6	14	21	0
8	18	33	9	32	0
24	11	1	35	14	0
4	10	27	34	17	0
20	36	25	29	16	0
29	2	30	36	28	0
8	18	30	1	16	0
36	2	25	29	15	0
14	1	36	2	26	0
25	17	3	13	36	0
10	11	25	4	8	0
13	24	10	11	19	0
22	19	1	33	18	0
23	2	14	8	24	0
32	20	2	36	21	0
3	36	33	18	2	0
10	2	19	33	21	0
32	21	8	25	2	0
6	9	13	17	16	0
12	20	9	13	5	0
35	4	24	20	25	0
25	16	33	27	3	0
28	6	36	5	16	0
19	30	15	6	25	0
28	15	17	10	30	0
24	20	6	7	30	0
13	19	24	26	34	0
6	7	32	25	31	0
9	14	16	1	22	0
12	9	15	29	18	0
15	5	16	23	17	0
10	33	29	24	19	0
15	1	20	34	27	0
22	30	4	25	34	0
29	13	5	35	3	0
5	11	3	32	28	0
14	5	26	1	20	0
34	25	11	5	12	0
12	24	23	33	18	0
29	28	10	25	15	0
5	9	27	24	18	0
24	9	21	4	14	0
29	24	30	35	22	0
28	33	17	36	4	0
14	5	1	33	3	0
16	32	4	29	12	0
12	23	22	26	14	0
25	30	6	18	23	0
34	16	17	23	12	0
23	26	17	22	16	0
26	7	28	27	35	0
20	16	26	9	3	0
23	31	27	13	30	0
21	9	25	4	3	0
10	4	26	25	35	0
30	6	35	36	32	0
19	34	3	33	26	0
12	1	11	23	32	0
10	25	1	32	33	0
28	30	24	1	31	0
6	33	13	5	32	0
20	11	24	2	21	0
34	31	24	9	1	0
19	26	34	12	4	0
36	35	23	20	13	0
14	24	26	33	19	0
32	11	30	33	29	0
6	15	7	1	11	0
31	5	18	11	19	0
19	3	28	23	33	0
26	25	35	1	3	0
1	30	13	11	10	0
3	26	4	22	21	0
19	29	31	23	6	0
7	11	30	24	20	0
22	14	2	16	24	0
25	21	27	16	10	0
34	17	32	33	24	0
30	29	3	20	34	0
11	13	19	17	2	0
26	24	4	32	12	0
31	6	32	27	3	0
14	2	21	35	15	0
19	22	29	27	18	0
36	29	14	13	19	0
35	11	34	23	25	0
23	10	17	7	34	0
31	8	30	36	13	0
29	8	4	27	25	0
27	15	30	18	16	0
33	14	23	34	5	0
4	3	2	18	13	0
6	10	27	13	23	0
30	15	25	1	6	0
21	15	3	22	24	0
32	7	33	17	16	0
22	15	5	36	18	0
28	36	33	32	26	0
10	34	2	22	31	0
17	19	8	2	34	0
24	13	15	31	2	0
7	35	22	4	33	0
3	20	30	9	29	0
11	13	7	24	17	0
36	8	17	33	9	0
3	4	27	18	16	0
28	29	30	35	7	0
11	27	29	1	10	0
17	8	11	12	18	0
18	2	23	13	20	0
2	22	3	1	14	0
19	14	5	32	26	0
12	22	29	5	28	0
14	23	27	30	5	0
17	23	18	36	14	0
34	28	18	36	9	0
13	32	34	33	16	0
31	11	1	20	29	0
15	26	3	36	2	0
36	28	31	13	29	0
28	18	33	12	6	0
32	29	4	7	1	0
3	12	31	35	28	0
23	33	5	7	12	0
22	23	2	31	8	0
23	28	26	29	25	0
24	34	7	30	6	0
29	2	16	24	19	0
36	17	22	34	1	0
12	14	18	22	21	0
16	3	25	30	7	0
5	31	30	12	34	0
7	5	12	35	13	0
35	24	3	2	12	0
21	33	14	8	6	0
14	33	36	21	5	0
29	25	9	3	26	0
18	8	27	32	12	0
5	15	14	22	20	0
36	1	17	7	19	0
17	13	22	10	32	0
3	17	35	8	25	0
22	7	25	17	27	0
17	25	35	18	4	0
14	36	13	17	32	0
29	23	10	1	25	0
29	17	22	23	15	0
29	32	19	13	22	0
31	17	12	16	4	0
25	15	31	18	1	0
1	20	3	10	26	0
4	25	31	15	26	0
18	29	24	22	2	0
23	27	15	26	35	0
7	31	2	12	27	0
35	1	30	15	5	0
6	11	16	8	15	0
14	21	19	34	12	0
16	13	19	10	4	0
23	7	14	34	28	0
36	13	11	21	3	0
13	2	16	21	20	0
7	13	16	32	35	0
8	27	4	32	15	0
29	30	14	9	1	0
19	23	34	21	1	0
35	31	4	2	30	0
31	36	32	4	20	0
16	15	14	33	11	0
18	13	33	20	11	0
23	7	28	27	15	0
34	21	32	16	9	0
18	12	5	31	6	0
22	15	32	20	10	0
24	11	36	19	34	0
36	28	19	9	6	0
34	16	13	7	36	0
21	36	14	25	19	0
21	18	20	1	34	0
7	13	25	32	19	0
7	5	4	25	2	0
24	17	10	31	27	0
7	12	4	6	33	0
23	17	10	18	35	0
22	28	8	34	29	0
30	31	17	34	35	0
1	5	19	12	26	0
32	30	15	5	18	0
33	4	21	36	27	0
25	27	7	29	33	0
34	5	15	20	21	0
31	6	8	25	20	0
7	4	33	36	21	0
2	28	18	22	10	0
32	25	8	19	1	0
33	6	16	31	32	0
8	15	6	23	12	0
28	22	32	36	31	0
23	34	22	11	31	0
22	15	36	5	11	0
19	8	34	11	18	0
9	36	31	28	5	0
4	25	35	13	24	0
18	26	36	1	12	0
18	12	36	34	15	0
14	26	34	29	35	0
20	11	32	8	29	0
21	8	23	32	17	0
18	17	34	23	7	0
30	15	5	33	17	0
3	18	2	32	15	0
18	31	36	19	21	0
10	23	18	7	34	0
23	19	14	30	32	0
14	35	2	32	34	0
3	24	28	21	11	0
32	8	25	24	9	0
23	22	7	16	19	0
19	22	1	17	5	0
25	27	7	33	35	0
36	33	21	1	14	0
19	27	13	26	5	0
27	17	32	5	7	0
34	7	22	18	26	0
16	29	9	12	32	0
32	14	21	26	31	0
9	8	17	24	13	0
31	33	1	20	6	0
26	24	11	34	6	0
21	19	14	10	3	0
19	17	7	2	23	0
24	8	36	10	34	0
19	23	2	10	27	0
33	31	3	5	34	0
26	34	4	5	10	0
5	13	27	1	32	0
19	26	3	11	32	0
21	15	23	33	8	0
12	11	29	34	13	0
5	27	9	33	25	0
30	27	35	20	24	0
1	24	34	2	19	0
6	5	25	31	24	0
31	34	16	5	6	0
32	28	19	6	11	0
18	1	29	27	4	0
11	8	35	21	29	0
14	15	32	28	29	0
10	16	32	15	4	0
5	35	4	3	20	0
33	20	35	17	13	0
21	1	9	28	26	0
24	23	5	16	31	0
19	5	13	12	3	0
24	19	34	6	4	0
31	14	13	5	20	0
22	15	14	1	30	0
4	12	25	35	23	0
33	10	35	13	12	0
7	9	24	6	18	0
1	16	3	8	2	0
4	6	8	30	22	0
16	5	19	10	12	0
26	7	9	1	4	0
5	32	11	22	27	0
5	32	27	8	36	0
23	11	34	28	5	0
30	34	31	33	32	0
27	29	19	31	22	0
35	27	11	15	14	0
17	25	35	8	14	0
9	27	10	30	26	0
27	14	2	7	34	0
18	34	35	30	36	0
11	30	32	31	24	0
18	20	1	8	33	0
30	22	6	17	36	0
8	3	1	2	10	0
27	21	19	24	32	0
34	12	33	24	16	0
8	26	17	20	30	0
4	34	15	25	19	0
28	5	21	6	12	0
11	34	18	31	33	0
28	16	11	30	33	0
27	18	6	25	9	0
16	24	11	29	34	0
3	35	23	34	18	0
2	33	26	19	18	0
6	20	21	27	26	0
10	23	3	12	27	0
32	15	29	1	25	0
12	23	11	28	30	0
29	25	31	3	34	0
14	1	35	31	23	0
20	17	26	7	13	0
14	20	31	4	8	0
26	9	2	36	5	0
19	9	21	8	6	0
25	34	8	4	26	0
24	26	36	30	5	0
21	36	25	31	20	0
19	18	11	22	1	0
21	29	24	13	14	0
17	11	7	1	22	0
3	27	15	34	9	0
10	14	2	3	12	0
16	23	26	30	27	0
30	19	31	2	7	0
27	25	9	21	36	0
28	33	6	5	7	0
12	18	24	36	8	0
19	16	6	32	8	0
21	24	28	35	20	0
22	11	2	6	23	0
8	22	30	5	24	0
30	20	2	11	17	0
4	28	22	27	1	0
29	19	23	1	17	0
5	21	34	26	30	0
23	9	22	13	35	0
3	24	31	11	33	0
16	9	31	26	7	0
15	8	28	12	21	0
23	1	2	28	9	0
9	33	1	5	3	0
14	8	1	12	30	0
32	4	11	13	33	0
10	25	11	32	24	0
32	16	25	13	4	0
7	25	32	33	6	0
14	31	26	7	6	0
1	22	32	12	35	0
26	15	23	13	35	0
20	25	34	28	35	0
3	15	16	7	17	0
27	34	4	25	21	0
6	11	14	36	34	0
9	19	22	4	18	0
32	1	31	11	20	0
14	18	9	10	24	0
5	32	7	26	21	0
1	11	32	10	13	0
2	32	9	13	18	0
15	18	10	5	27	0
34	10	28	25	26	0
33	21	5	22	15	0
21	16	22	30	26	0
6	22	30	10	4	0