7	8	13	24	45	46
7	19	38	45	47	53
3	7	36	42	53	59
8	10	22	37	55	57
15	19	20	29	42	50
9	10	27	30	33	45
2	11	35	40	48	55
14	25	29	30	35	53
5	8	9	10	38	53
2	8	33	46	48	50
3	12	15	29	51	58
5	19	29	34	40	45
8	26	27	29	49	58
5	19	21	42	44	57
29	33	43	45	49	56
1	22	39	44	48	59
2	10	19	28	29	31
30	33	37	43	55	56
6	7	9	18	35	46
6	11	27	29	40	55
18	28	31	32	44	51
11	19	20	30	35	49
33	37	42	47	55	58
18	36	48	57	58	59
20	32	36	44	47	56
10	20	28	38	41	46
22	25	35	45	46	57
6	14	23	24	43	58
2	32	37	39	46	54
3	19	24	31	50	52
4	9	13	32	46	50
20	32	42	43	53	58
4	7	29	45	54	56
2	16	17	27	36	37
1	20	24	36	54	58
2	11	22	36	51	59
4	16	27	30	41	49
2	17	25	32	42	49
6	20	23	29	35	53
13	14	18	19	21	36
8	15	33	42	55	58
1	3	11	37	49	58
3	31	37	41	44	59
11	12	15	22	27	44
6	22	40	43	47	58
17	38	49	54	55	56
15	20	30	37	47	51
12	20	32	38	48	54
13	18	21	30	50	54
30	35	45	47	52	55
17	18	26	39	54	56
8	20	25	50	51	58
1	6	31	37	49	50
4	11	14	21	29	56
4	7	13	49	56	58
16	30	34	50	52	53
30	33	35	40	41	59
34	42	46	57	58	59
20	25	34	41	42	52
8	16	21	41	44	56
12	25	39	46	52	55
7	17	28	43	44	45
10	27	49	52	55	56
5	9	25	34	51	59
14	24	30	45	49	56
4	6	24	35	45	52
1	26	41	55	56	59
5	10	29	35	55	56
5	13	21	35	41	47
2	6	14	16	25	36
7	8	14	47	56	58
7	14	19	38	40	45
1	11	18	27	32	50
16	18	25	27	29	57
2	19	36	52	54	59
2	10	21	23	54	56
4	16	26	39	42	54
1	3	5	11	15	43
1	11	16	20	24	44
2	4	14	23	34	46
10	18	28	35	36	50
6	8	12	36	37	41
12	19	21	38	47	51
18	23	28	52	56	59
20	22	31	39	41	54
3	30	44	45	55	59
7	8	13	29	43	53
3	19	20	24	30	38
7	14	15	21	23	57
7	12	17	35	37	58
5	34	36	38	39	48
13	22	24	34	41	57
24	29	30	36	46	48
12	15	30	43	47	59
4	6	34	37	42	52
4	27	47	54	55	59
8	10	16	19	23	31
3	16	34	42	49	52
14	23	36	45	47	50
10	16	18	32	42	45
1	2	11	23	25	54
5	6	16	32	42	51
39	48	52	53	54	58
6	11	12	19	27	31
3	8	19	26	37	41
6	24	27	38	39	58
6	15	23	29	55	57
11	19	22	42	43	49
24	38	39	40	49	56
2	7	21	22	47	53
18	24	34	38	41	49
1	16	28	31	38	54
11	13	21	37	49	59
17	23	28	38	47	56
15	18	23	42	43	52
7	23	41	44	49	54
6	9	27	30	40	50
6	8	15	31	45	58
5	21	23	34	43	45
4	9	20	23	37	53
4	13	37	40	52	58
8	14	20	27	28	53
14	19	21	36	53	54
21	26	29	35	46	59
8	16	33	36	45	51
10	29	37	42	48	49
10	17	35	41	51	54
5	40	47	48	52	54
16	19	29	46	54	58
10	13	22	35	42	52
2	11	18	32	40	54
3	7	8	9	40	58
11	26	31	32	33	46
16	27	31	32	44	58
3	8	9	19	21	54
10	20	25	39	45	55
1	2	28	40	48	49
2	4	8	25	38	39
5	7	8	16	28	37
7	12	33	47	50	51
3	11	16	31	44	55
12	13	30	34	39	52
8	12	16	26	45	49
5	14	19	24	31	38
7	8	16	24	29	58
5	11	27	29	52	53
9	19	26	27	45	50
2	3	4	32	54	59
14	16	25	42	46	51
2	22	29	30	36	58
11	17	20	32	40	42
11	16	25	37	43	44
4	5	18	28	43	58
19	29	37	41	51	53
11	24	34	43	44	47
20	21	28	33	49	56
10	14	25	29	52	54
16	23	35	42	44	58
6	17	37	46	47	51
3	10	12	29	30	44
2	6	17	28	38	55
15	16	26	45	47	49
5	10	22	23	34	54
4	10	15	37	38	59
8	18	26	35	41	52
4	15	27	36	37	59
12	20	31	39	43	46
11	17	35	36	40	59
34	39	42	47	53	54
16	17	22	38	41	55
14	26	28	41	51	57
9	24	26	38	40	46
19	20	30	37	54	59
18	29	30	37	46	59
10	14	17	32	36	50
1	22	30	34	57	58
1	3	22	29	36	42
1	3	20	24	38	39
3	9	16	19	24	43
10	19	21	45	46	56
13	14	18	22	24	56
11	25	36	39	40	57
10	17	26	31	35	38
2	14	19	20	29	38
4	17	30	38	47	55
28	33	43	49	55	58
7	32	34	48	55	58
23	27	36	39	41	49
8	10	36	40	52	57
6	20	33	44	45	55
6	7	19	28	30	52
1	3	28	34	37	46
9	12	23	24	32	51
13	22	23	33	49	54
4	14	17	27	34	36
1	2	3	4	20	21
1	2	5	38	53	56
12	24	29	34	39	57
2	14	26	35	44	59
1	7	9	10	12	31
2	5	14	42	51	55
13	15	17	19	35	57
20	22	25	34	47	51
15	17	31	41	50	57
7	14	20	33	47	55
5	13	24	31	40	41
5	12	43	51	53	57
7	14	21	35	41	42
21	27	31	34	40	54
13	14	31	42	44	58
13	21	30	39	51	56
26	31	35	37	40	49
11	19	29	37	40	41
4	15	21	26	39	58
11	14	22	37	53	56
4	14	18	19	26	27
2	17	35	41	57	59
5	15	33	47	51	59
15	16	23	39	48	59
2	13	25	32	37	39
10	12	18	34	52	56
23	25	34	36	37	54
1	6	21	31	41	44
8	38	41	42	50	58
8	9	10	11	41	54
18	36	37	38	54	57
1	8	12	25	43	52
4	12	38	46	57	59
26	27	46	47	52	58
8	30	40	50	54	57
12	25	29	40	48	56
22	31	47	52	55	59
17	21	31	38	44	58
1	2	4	19	28	41
13	14	27	46	48	50
10	12	35	46	48	57
15	22	25	40	53	57
3	8	14	28	34	53
10	11	15	50	51	56
9	11	14	28	37	42
7	12	20	24	34	52
18	29	38	41	43	57
2	8	10	11	32	47
9	23	30	46	49	55
2	23	39	54	55	57
2	17	27	28	51	52
2	3	34	43	49	50
11	13	18	25	29	47
26	39	41	42	55	59
26	36	41	46	49	52
29	31	43	55	58	59
13	14	21	25	51	53
8	30	37	40	46	50
7	13	20	27	39	52
2	3	16	32	53	54
5	7	11	30	44	49
7	8	9	14	35	44
5	8	11	17	40	45
9	17	31	33	41	42
9	17	21	23	35	36
14	26	28	31	32	44
12	14	21	22	37	43
14	20	28	31	40	46
6	18	20	21	29	31
24	29	33	40	43	49
2	9	27	29	33	40
12	18	23	33	42	43
3	4	7	18	48	49
7	19	22	28	40	44
5	6	7	25	27	33
4	8	10	21	41	49
6	15	17	20	24	25
6	22	28	30	39	44
5	8	12	28	39	41
1	16	27	42	46	47
18	21	31	42	45	47
2	4	5	15	20	48
7	23	26	33	38	45
8	15	17	33	41	47
4	7	14	21	22	29
6	12	32	36	38	47
3	10	35	38	40	41
13	14	35	39	46	49
4	10	13	18	29	33
2	4	8	21	30	38
14	23	28	33	35	42
1	6	23	25	32	35
2	8	12	15	21	42
18	23	25	37	39	47
23	29	30	39	42	49
10	14	19	24	28	33
17	32	39	40	43	49
6	7	23	27	38	49
12	27	28	39	41	48
1	8	22	30	34	40
6	9	22	38	39	41
7	11	15	32	46	48
1	5	21	33	34	47
5	17	22	31	40	48
1	11	14	15	19	41
7	10	11	30	31	42
3	4	25	27	42	45
4	11	27	28	30	49
15	21	28	35	42	43
1	23	27	36	43	45
1	18	22	25	31	39
17	22	24	28	33	46
18	28	30	31	41	46
1	18	20	31	38	47
11	15	18	22	41	49
3	4	6	21	23	44
3	17	20	24	38	43
1	5	7	21	37	49
4	7	9	17	20	48
6	17	24	29	33	36
7	9	21	22	24	47
2	17	21	26	30	48
3	8	19	27	42	43
4	7	9	10	19	47
12	14	15	20	40	41
1	19	24	27	38	48
21	23	25	34	42	49
7	20	23	29	40	46
8	9	10	21	35	41
3	6	15	17	18	35
10	13	17	22	40	46
7	10	16	33	39	44
3	4	17	24	30	34
4	8	19	35	44	49
1	6	32	34	37	45
29	37	42	46	47	49
17	20	28	29	33	36
13	14	16	24	41	43
4	5	10	12	20	23
10	15	17	18	19	31
12	18	22	37	38	49
11	23	28	30	32	46
7	9	13	44	47	48
18	22	23	32	40	42
2	19	24	33	35	46
18	30	33	34	38	48
14	15	31	36	42	47
19	23	40	43	45	49
4	17	19	25	35	37
6	11	18	19	38	42
26	28	29	30	41	49
2	3	5	15	22	29
2	15	35	36	38	39
5	26	28	30	42	44
5	9	10	13	41	44
6	7	22	27	35	42
2	5	21	25	34	36
3	5	9	28	35	47
13	14	17	25	31	49
11	15	17	30	43	49
5	24	28	36	42	47
1	22	30	33	40	47
6	19	24	26	42	43
2	5	8	23	26	32
4	27	28	29	34	43
4	18	24	34	36	48
1	4	5	7	18	47
1	3	7	19	20	46
4	8	29	33	38	48
2	6	22	26	33	48
9	19	22	34	41	46
12	15	22	29	30	35
13	16	18	24	31	43
11	29	32	37	40	48
12	22	23	27	34	35
1	19	20	30	35	46
5	17	29	36	37	49
1	7	11	38	41	42
6	12	15	24	35	47
1	3	25	33	36	42
5	9	11	20	23	30
16	36	40	43	45	47
17	21	29	33	35	46
13	23	28	37	42	45
2	5	11	22	24	42
8	14	22	26	35	37
14	18	20	30	43	47
5	9	14	25	34	38
4	11	22	27	47	49
3	19	23	28	37	43
3	8	11	12	39	43
8	15	23	24	28	34
1	18	20	38	43	48
8	12	28	30	43	49
5	15	19	25	34	36
3	7	13	17	27	40
10	11	18	23	26	37
9	18	22	23	29	33
11	13	14	28	40	42
5	10	16	23	31	44
14	19	30	31	47	48
7	9	18	24	39	40
18	26	32	36	40	45
10	31	35	40	41	44
2	5	9	28	29	48
10	19	20	33	43	46
15	26	29	35	36	41
3	5	8	10	16	17
16	17	22	38	44	49
1	7	9	27	30	48
9	25	34	37	44	45
17	22	23	33	36	42
16	18	29	34	35	39
13	20	31	34	36	44
1	6	10	23	25	40
4	17	22	26	31	47
8	17	20	32	41	43
3	7	20	31	43	45
14	16	20	38	39	45
8	14	16	21	47	49
20	29	33	35	37	40
17	20	28	39	43	44
4	21	25	27	31	49
14	19	22	25	38	48
11	12	16	20	35	46
2	9	12	26	31	44
1	4	5	8	25	46
4	9	10	13	29	40
3	10	11	24	25	35
19	23	34	35	39	49
17	19	35	37	46	48
15	17	19	22	33	40
3	7	20	24	30	39
8	25	27	36	39	44
12	13	28	33	46	49
27	34	35	36	41	48
9	29	37	38	42	46
4	15	21	30	41	49
2	6	9	18	24	35
7	12	23	27	30	31
4	11	13	24	32	46
22	23	25	27	28	46
19	23	31	36	45	46
4	11	18	28	41	44
9	12	16	22	26	48
16	24	25	30	34	45
4	8	9	10	21	24
12	18	25	28	33	40
2	7	25	35	40	42
13	21	24	29	35	41
1	8	10	14	18	37
10	12	17	28	30	42
6	12	16	18	21	29
9	16	19	31	36	37
15	19	22	25	42	48
12	16	22	35	38	48
5	11	15	23	35	39
3	19	21	30	41	47
4	6	15	23	36	44
1	2	6	29	32	47
5	6	14	18	29	33
10	28	32	36	37	49
20	23	26	29	34	41
10	14	20	22	45	49
10	18	27	37	41	47
3	12	19	21	29	31
12	15	24	26	31	35
5	12	21	26	33	45
4	11	27	34	36	45
5	15	17	19	20	47
16	17	21	27	30	37
10	12	14	25	46	48
5	7	20	24	30	41
11	15	36	37	38	45
2	4	5	17	22	29
18	20	24	30	39	48
7	24	27	31	40	41
1	11	12	13	35	42
6	7	8	13	24	28
4	14	15	17	21	31
1	5	17	19	37	47
5	20	26	40	42	48
3	4	27	29	47	49
15	25	26	33	34	41
12	18	38	39	45	49
14	15	17	26	35	46
3	16	20	26	28	43
3	5	9	13	17	37
10	16	33	38	40	44
12	13	18	39	43	49
22	26	30	40	42	47
1	3	17	19	39	42
6	24	33	38	42	43
12	15	24	36	45	49
3	9	10	16	20	22
16	24	27	39	45	49
15	27	31	40	41	49
7	13	25	31	34	45
8	11	29	34	40	41
8	24	26	28	36	43
6	9	13	35	36	47
3	4	16	20	33	44
2	7	10	15	17	28
8	9	13	17	41	43
10	18	35	38	41	43
11	13	24	32	34	47
3	5	25	33	34	35
5	6	26	30	33	40
10	23	35	39	45	46
3	5	24	31	48	49
4	5	6	20	30	35
9	12	24	25	26	43
12	15	20	31	33	40
11	12	22	27	40	44
7	8	11	12	39	42
1	13	25	39	41	44
9	11	16	17	18	38
8	34	38	42	44	46
12	14	16	18	20	33
3	13	23	27	41	49
3	16	27	33	36	42
11	21	22	41	47	48
5	11	21	32	42	48
8	15	24	40	43	45
8	10	22	24	37	44
3	14	16	19	37	44
4	11	14	27	43	46
1	11	12	27	48	49
6	8	21	23	41	46
12	19	25	36	44	46
3	9	14	38	42	47
6	9	23	31	35	48
2	14	20	23	24	30
2	16	25	30	31	32
3	6	36	44	45	48
7	20	27	39	46	48
6	14	20	23	29	49
8	10	27	34	40	41
9	10	16	18	27	42
2	12	13	14	21	30
9	10	24	43	47	48
2	6	21	29	34	47
6	10	14	24	32	41
5	9	13	16	35	39
5	12	13	35	38	47
3	7	11	12	24	27
5	21	24	25	39	48
10	15	17	21	37	47
7	9	20	21	30	37
6	8	31	37	40	48
3	11	17	39	47	49
4	14	28	34	43	44
4	26	33	41	48	49
6	19	22	23	28	29
9	15	18	33	38	44
29	33	35	36	45	48
3	4	14	31	48	49
5	27	31	32	38	49
14	28	37	38	45	48
2	4	27	34	39	44
4	12	19	22	36	40
17	19	20	21	25	26
14	15	17	29	30	33
10	23	24	25	30	37
14	19	35	36	40	45
5	7	9	17	20	45
7	30	32	36	40	41
7	14	20	30	33	46
1	10	19	36	47	48
9	10	24	37	39	40
4	7	19	21	39	49
14	26	30	32	36	48
15	19	23	29	30	46
1	11	16	18	27	42
3	9	11	29	45	46
1	6	7	8	25	42
6	8	11	39	40	43
10	13	29	31	36	45
5	14	19	23	33	48
14	18	19	35	44	45
14	16	21	22	24	41
8	15	21	26	28	32
17	22	26	27	39	41
15	30	36	39	41	49
4	7	12	28	32	37
12	18	23	31	44	48
3	11	23	28	30	48
21	27	38	42	44	46
10	14	35	36	37	46
1	5	14	18	34	44
6	14	19	22	30	36
8	10	15	21	23	45
13	20	24	27	33	39
7	10	22	29	43	44
8	14	15	22	41	48
5	14	20	40	41	42
11	26	34	38	40	46
13	27	29	42	43	46
12	19	28	29	38	49
5	22	23	30	33	45
3	9	14	19	34	38
1	18	19	24	30	38
10	22	29	39	46	47
3	25	28	30	39	45
6	10	12	30	36	49
3	19	21	37	40	49
12	25	29	34	45	47
5	14	24	26	37	44
9	17	20	27	37	41
16	18	20	25	29	34
7	14	25	33	45	48
2	6	7	15	25	44
3	4	18	24	44	49
1	19	39	40	42	46
5	6	21	41	48	49
1	5	18	21	23	33
2	7	8	10	22	23
4	13	17	26	27	40
18	22	25	35	39	41
1	3	9	23	37	46
8	13	18	21	40	44
10	23	25	34	41	47
7	8	16	22	24	28
1	5	15	22	26	42
20	27	33	41	44	46
12	16	23	25	31	42
9	23	26	33	40	44
2	5	18	40	47	49
3	8	16	22	38	39
6	24	27	31	39	45
10	14	21	25	39	45
1	3	16	20	37	40
14	15	18	26	31	36
1	3	12	23	37	43
2	8	11	28	35	44
7	20	23	28	31	40
13	14	29	41	46	49
7	25	26	27	29	32
7	12	15	35	43	49
2	19	22	30	33	41
9	28	30	33	40	44
1	23	24	31	45	49
7	13	16	31	36	44
4	7	40	41	45	48
7	17	21	22	38	39
10	12	25	28	31	40
2	8	26	30	39	45
5	17	32	39	42	49
9	22	31	34	35	43
7	10	12	15	25	42
2	9	27	33	39	40
8	14	15	17	20	47
9	26	28	30	42	43
7	11	37	38	42	44
8	11	13	17	48	49
1	15	23	32	36	43
7	28	30	34	38	45
1	22	35	39	42	48
3	10	25	28	30	43
16	21	24	29	30	39
10	14	27	31	32	47
1	30	35	47	48	49
13	23	24	25	26	30
13	16	25	26	36	46
4	11	19	22	31	48
1	29	31	32	34	36
10	12	26	27	39	40
6	12	13	28	33	38
2	8	10	23	27	32
14	16	23	24	27	39
11	12	33	37	38	49
5	9	14	28	46	49
4	23	34	38	39	41
20	27	28	34	43	44
13	14	18	32	34	49
7	12	27	34	41	46
13	24	25	26	37	40
6	16	22	26	30	34
9	15	17	29	30	39
4	15	17	26	37	41
15	19	25	36	44	45
10	16	29	34	37	47
11	15	32	33	37	39
2	3	6	41	44	45
23	28	29	37	38	42
5	7	9	10	22	47
4	29	31	36	38	48
4	17	20	26	29	36
5	26	43	46	47	49
6	7	29	32	41	46
11	27	46	47	48	49
2	3	18	30	34	35
3	19	32	40	47	48
5	30	31	33	35	45
2	4	7	27	43	44
1	14	18	24	26	28
18	19	26	39	40	47
4	10	29	32	34	40
4	16	22	34	39	42
1	2	11	30	33	45
6	10	15	32	42	49
4	9	13	15	18	40
7	11	15	18	19	49
1	2	21	24	33	49
26	32	34	35	41	48
10	18	34	35	39	48
5	6	13	21	31	47
5	9	15	30	32	39
16	22	23	36	45	48
3	8	10	35	38	39
9	25	29	32	37	38
9	11	35	37	40	45
3	19	36	40	43	48
7	21	25	32	43	44
2	7	9	18	38	45
2	3	17	23	40	43
7	8	17	30	46	48
4	17	23	24	30	35
6	15	20	36	38	42
8	18	27	28	46	48
17	30	33	34	38	48
17	18	24	29	35	48
2	3	7	17	21	32
1	6	12	29	36	44
6	15	27	32	37	44
5	6	18	36	44	49
3	5	8	9	18	44
4	34	40	41	44	49
1	14	25	33	34	43
6	8	17	21	39	47
7	11	13	14	38	41
12	14	32	44	48	49
10	16	17	21	39	41
2	9	16	21	31	44
6	18	23	26	32	44
10	26	28	34	35	39
2	15	16	18	47	48
7	17	19	29	30	38
9	11	37	40	41	49
4	13	23	29	41	43
1	25	27	41	46	49
6	8	20	29	34	36
1	8	15	21	31	39
6	16	26	32	34	46
5	11	15	26	29	32
16	24	27	28	30	36
2	6	8	9	36	39
33	34	37	40	41	47
2	17	20	42	46	48
5	20	25	30	36	47
14	17	20	43	47	49
4	14	18	24	41	44
9	18	34	41	42	43
7	8	21	24	33	34
11	12	17	19	24	47
13	14	32	35	41	47
4	10	35	36	43	46
4	9	33	34	36	45
2	3	16	26	34	39
13	15	22	25	33	34
7	13	33	37	48	49
9	21	35	38	46	49
6	9	31	33	40	45
11	15	24	33	43	49
14	16	23	24	25	43
4	15	19	44	45	49
20	21	22	24	27	34
4	10	18	41	42	47
11	30	38	45	46	49
6	7	8	17	27	46
3	6	27	29	33	41
5	11	29	31	35	39
15	26	30	35	40	41
12	22	30	31	34	39
13	21	28	37	39	45
2	22	32	33	37	45
3	5	11	16	41	48
2	3	14	29	35	42
14	30	31	36	44	47
6	30	34	38	45	48
18	19	24	26	27	44
5	11	19	29	33	35
9	17	18	23	30	35
10	16	25	26	32	40
21	25	29	32	38	44
19	22	30	33	35	39
9	12	27	29	41	47
4	5	16	17	20	32
2	20	33	40	43	46
4	20	21	35	39	40
8	10	26	34	48	49
16	19	26	27	41	47
7	20	21	27	28	41
3	17	32	35	43	49
5	10	12	17	28	30
8	15	19	26	33	36
2	13	16	24	25	40
5	13	17	31	42	46
4	21	25	27	31	34
13	16	22	25	31	39
14	17	22	24	38	43
10	24	30	33	40	45
1	11	33	37	42	43
24	26	33	35	43	44
8	16	25	27	28	34
15	28	32	43	44	45
1	15	25	26	40	43
3	5	30	31	38	47
23	29	34	36	41	45
8	31	37	43	44	48
6	18	20	25	35	36
18	26	33	35	37	47
5	9	13	17	22	27
34	37	39	41	42	47
4	8	32	34	40	47
1	16	17	19	33	34
14	26	33	45	46	49
5	22	23	24	26	29
2	12	17	25	33	39
2	17	36	39	42	48
2	4	5	19	20	27
1	4	16	37	47	49
15	23	24	34	36	47
1	4	24	26	27	48
11	17	19	40	44	45
1	26	28	32	46	48
3	6	8	10	36	47
6	15	28	29	30	47
5	11	19	23	38	46
1	4	12	23	33	40
2	10	16	19	33	45
3	10	29	31	36	44
2	6	8	23	44	46
6	9	11	21	40	48
8	11	20	33	43	47
8	9	19	28	31	37
14	18	29	38	43	44
6	11	15	32	38	42
3	5	23	28	42	49
5	11	13	18	25	46
16	30	34	37	41	42
23	25	28	33	44	49
1	6	13	23	29	34
6	13	27	28	34	42
18	27	32	35	44	47
7	14	17	42	44	45
3	11	18	23	38	49
8	24	27	31	34	36
3	22	27	31	38	49
16	22	24	30	39	44
5	7	15	37	42	44
3	12	15	17	22	29
3	11	12	20	21	28
2	3	4	19	23	40
1	4	7	11	13	27
3	7	8	16	19	30
2	16	17	18	27	28
4	7	10	14	27	42
6	8	14	16	21	43
20	24	33	34	37	48
4	16	18	43	45	49
26	29	30	42	43	47
5	14	27	29	34	35
2	8	23	25	36	42
15	18	26	32	36	37
1	20	28	33	40	45
2	20	34	35	40	44
3	13	22	23	39	45
5	13	31	36	40	41
8	20	36	43	45	49
2	19	22	25	34	47
3	4	27	30	36	47
3	6	11	17	23	29
9	24	30	32	36	40
1	4	12	13	18	19
1	5	9	20	23	39
4	6	12	31	38	48
19	21	39	44	45	49
1	2	23	39	42	49
12	18	26	35	40	44
24	25	34	38	41	43
5	9	12	31	32	38
6	12	16	19	33	44
11	25	27	32	37	43
5	11	24	32	35	42
17	36	37	40	43	45
26	27	28	43	45	46
14	21	23	32	36	46
2	10	15	28	36	41
3	5	17	32	40	43
23	25	28	41	46	47
18	20	31	33	43	45
18	23	34	44	46	48
18	20	24	30	43	44
2	11	23	28	35	39
12	19	22	26	36	41
2	4	7	27	28	35
9	18	34	37	39	47
3	9	11	17	27	48
18	23	24	36	43	44
10	23	26	30	41	45
16	31	32	46	47	48
9	20	21	27	39	40
9	17	26	32	33	36
1	16	18	32	39	44
2	6	27	28	40	49
3	13	19	20	23	26
8	17	30	32	38	40
2	22	23	31	35	40
9	27	28	33	39	41
5	8	10	29	39	41
4	6	10	28	35	39
10	16	21	22	35	49
14	16	26	39	44	48
1	2	11	31	38	43
9	17	25	26	31	42
10	17	20	21	23	31
3	4	17	24	29	40
8	10	11	14	28	36
1	13	18	36	43	48
3	8	21	23	30	46
6	14	32	35	41	42
4	6	22	31	33	35
2	5	19	20	33	43
2	12	24	31	41	48
12	17	32	41	44	48
9	10	30	37	45	46
1	5	9	27	42	45
13	16	19	31	37	47
6	9	28	31	37	42
1	8	10	13	20	34
10	17	25	32	34	40
1	15	35	42	45	48
7	14	17	39	41	49
11	21	34	42	43	45
13	24	33	35	42	49
5	9	18	23	31	39
6	11	24	30	32	45
8	10	21	23	25	48
11	18	28	32	36	39
3	5	14	19	24	40
2	17	19	28	31	47
13	23	26	27	37	49
1	31	32	33	36	38
2	5	22	25	39	41
9	16	25	29	31	37
6	9	20	21	31	34
6	21	30	32	33	44
3	21	25	32	37	46
6	25	33	37	42	43
6	19	25	32	37	39
18	22	26	42	45	46
5	23	24	29	39	44
2	4	17	19	38	45
9	14	16	38	46	47
3	7	24	25	26	41
4	24	31	33	36	40
1	4	13	15	35	38
4	29	37	39	40	43
24	25	26	38	39	40
3	25	28	29	32	45
1	7	9	33	36	38
3	18	28	37	39	42
5	8	11	15	38	45
1	8	27	32	39	45
9	19	36	37	39	49
3	11	15	33	36	45
7	10	24	39	40	42
2	10	24	31	37	47
3	9	11	23	36	44
10	15	17	26	46	49
2	4	16	28	37	47
9	11	23	27	29	33
10	12	20	37	39	48
4	12	19	21	34	44
10	34	35	39	43	47
3	6	13	23	27	49
4	12	34	35	38	48
5	7	18	27	31	33
14	17	30	37	38	41
1	5	13	20	27	45
15	24	26	27	33	34
2	11	13	27	34	43
18	19	25	30	33	43
6	10	12	15	20	27
1	20	31	38	43	46
1	12	29	35	37	40
3	10	12	30	39	40
1	8	15	18	34	38
20	21	23	24	27	28
9	13	24	25	42	48
17	18	28	29	32	40
6	27	29	38	42	49
11	21	27	38	40	44
1	14	21	24	35	46
5	15	20	22	24	47
3	9	11	24	29	43
5	21	28	29	40	44
7	15	16	19	22	48
4	6	9	13	35	36
3	5	7	9	24	35
2	14	27	31	36	44
8	14	33	34	35	43
9	16	23	26	27	42
1	29	32	33	34	38