39
15
50
29
36
29
7
38
56
5
13
57
38
18
16
5
47
46
5
45
50
44
34
50
41
16
14
40
19
16
52
8
8
42
11
7
54
4
57
53
53
21
32
7
42
13
21
5
20
40
57
45
38
27
6
46
8
38
58
45
3
54
17
44
27
8
36
30
23
42
23
18
25
4
6
44
24
48
42
45
2
50
48
36
33
37
16
41
52
25
30
40
7
41
24
45
48
50
21
30
14
39
28
42
43
55
46
48
21
42
26
5
4
31
28
37
22
39
20
39
51
45
33
10
38
32
25
33
12
27
8
36
20
42
31
22
17
29
40
40
8
38
27
29
42
13
23
12
53
53
27
39
55
55
42
43
37
28
2
11
37
50
8
1
17
55
38
39
8
5
48
30
25
23
41
51
12
4
13
2
16
37
47
27
3
21
30
6
59
16
46
59
16
53
28
22
31
28
24
28
54
21
18
5
15
7
28
43
22
1
1
36
47
20
55
25
42
7
36
48
50
49
42
24
24
14
38
8
48
13
52
23
20
32
42
14
23
32
23
12
18
8
18
37
11
14
38
59
16
9
11
39
36
35
8
25
4
6
26
37
22
36
44
3
22
46
10
32
31
34
28
37
33
18
24
19
37
29
35
41
1
27
3
49
22
4
27
22
17
5
6
2
24
3
25
37
17
31
18
40
36
7
47
23
10
42
19
1
43
37
48
12
30
11
45
25
31
46
43
42
36
30
22
22
22
32
15
36
17
26
4
23
39
24
24
35
49
22
28
12
36
1
8
7
17
31
26
4
40
39
1
28
14
18
3
8
42
23
18
20
10
6
15
15
43
6
44
2
14
25
40
2
45
22
14
45
10
28
25
1
11
35
40
33
34
18
9
42
42
40
19
6
15
48
37
16
4
21
46
36
25
19
46
14
28
6
12
40
11
32
32
9
41
23
29
5
40
26
8
34
5
30
45
43
33
2
27
48
4
29
29
35
11
19
33
19
24
27
8
14
49
31
17
13
8
27
25
26
15
14
15
44
38
11
13
7
27
32
9
33
15
36
35
9
38
15
31
37
9
14
46
33
5
18
48
11
1
23
43
19
18
15
15
32
37
4
31
11
32
35
44
1
4
35
34
31
27
24
14
21
9
14
43
1
15
34
3
38
37
2
26
47
14
35
6
12
36
28
33
2
31
42
19
5
18
19
11
22
36
47
49
48
48
43
39
5
11
29
11
45
13
32
2
42
36
34
13
19
18
16
27
45
1
18
37
44
14
37
45
48
10
45
27
11
36
26
15
2
4
19
39
22
44
40
33
32
29
43
2
14
40
29
41
43
23
23
43
6
26
43
8
7
28
30
6
36
41
9
5
4
35
16
30
3
15
11
45
17
22
37
20
46
36
31
6
42
30
48
40
12
18
31
19
26
32
40
15
48
33
17
42
43
33
8
24
16
6
26
46
3
1
46
19
20
33
45
38
2
2
19
19
6
12
31
20
41
8
4
15
6
45
20
10
44
43
3
45
27
1
20
14
30
45
11
29
43
31
28
10
49
37
35
31
28
49
42
24
37
3
45
19
4
48
35
39
4
30
25
39
1
6
30
31
19
31
28
26
21
27
42
31
34
5
4
44
9
3
1
21
3
10
42
46
15
22
45
25
47
38
34
17
21
40
33
49
4
43
32
33
49
35
29
5
44
15
31
25
33
2
37
46
6
26
49
17
20
40
41
27
48
11
29
8
37
29
8
45
34
36
6
11
32
12
26
32
8
46
14
46
14
5
19
3
14
28
6
34
4
27
47
1
18
4
45
7
21
16
19
27
32
20
16
37
22
14
31
3
30
45
16
9
30
31
1
41
21
27
44
28
16
10
2
19
34
35
30
45
37
27
49
45
13
24
41
26
5
46
37
43
23
47
34
19
45
9
3
5
31
22
12
9
43
25
19
25
23
18
4
30
22
35
49
4
6
12
28
8
44
35
38
38
29
47
5
49
11
3
20
3
20
34
5
17
8
29
27
1
6
47
15
39
21
5
6
21
49
34
14
6
33
14
1
4
20
12
15
8
31
23
46
7
32
46
18
2
26
43
3
32
40
15
29
21
5
12
28
20
38
29
20
37
37
3
3
21
38
14
47
8
27
24
48
35
15
23
21
44
26
15
11
28
25
39
9
3
48
39
40
21
7
10
38
5
38
25
47
5
36
31
38
33
16
27
29
49
14
23
25
4
26
36
25
23
19
33
5
39
30
2
38
45
25
35
38
46
11
48
12
44
6