16	17	35	43	44	46	49
1	9	10	19	33	43	21
2	10	28	43	44	48	39
6	30	33	38	45	46	40
12	17	25	30	32	39	47
3	14	36	38	40	48	23
3	13	19	26	33	44	5
10	11	24	25	30	49	47
18	29	31	36	47	48	17
8	15	17	22	30	43	13
18	20	21	22	30	33	26
3	8	11	18	28	45	6
10	13	16	23	36	44	42
1	7	27	31	34	39	3
7	8	13	24	28	35	26
9	20	21	28	34	35	33
6	10	14	27	30	40	5
6	24	34	39	43	44	8
21	26	32	40	42	44	12
9	10	19	23	28	49	15
12	25	36	39	42	45	29
3	13	20	35	37	39	14
8	12	23	25	45	47	43
4	7	10	14	27	31	1
8	11	22	29	39	40	30
3	4	28	30	34	41	31
2	13	24	26	31	41	40
12	29	30	40	45	48	27
8	10	11	14	19	33	30
6	9	16	19	21	28	35
10	12	29	33	47	48	24
11	18	27	33	37	43	20
16	17	21	31	39	49	29
26	28	31	36	38	45	18
9	16	18	22	23	40	13
18	25	29	30	36	48	47
15	21	24	31	37	42	32
22	24	25	32	39	42	45
1	3	6	21	22	33	19
1	23	29	32	45	49	16
8	15	25	30	31	32	1
6	31	37	40	41	42	44
3	24	26	30	34	49	47
11	25	33	35	40	42	15
16	22	28	29	32	34	43
18	24	32	36	37	44	9
8	22	28	40	46	49	9
4	6	10	11	20	35	43
6	27	33	38	40	47	16
2	16	19	20	23	34	9
4	11	15	20	35	47	25
6	17	29	37	45	47	39
9	17	19	26	37	47	13
18	22	24	28	29	33	7
5	9	18	29	39	47	35
9	15	18	21	24	28	14
9	19	26	27	42	46	21
21	23	31	33	36	38	9
5	7	32	38	40	46	47
9	15	24	33	40	46	38
2	13	27	45	48	49	19
25	29	30	31	33	47	34
5	8	13	25	33	45	38
16	23	28	38	41	43	19
18	21	36	41	45	47	17
13	16	24	25	38	43	48
12	15	17	31	47	49	26
1	2	18	26	36	44	49
5	8	17	32	38	45	18
2	5	10	11	27	39	48
10	12	27	29	34	48	39
12	13	30	41	45	49	16
20	25	26	32	34	36	9
4	9	33	36	47	49	10
15	16	22	33	37	41	27
8	21	25	34	46	48	4
3	11	16	40	43	46	36
2	12	34	39	41	45	21
5	6	18	21	36	44	32
17	24	26	27	35	49	33
3	4	21	31	33	48	26
16	19	23	30	33	40	46
7	12	32	36	40	44	45
1	3	8	9	12	40	2
7	15	25	26	27	36	12
3	5	9	22	37	46	10
5	8	10	20	33	34	45
9	17	36	38	41	45	39
18	19	22	26	30	47	43
6	7	8	21	27	38	23
6	7	9	11	34	38	8
1	5	7	16	28	46	30
10	23	26	40	45	46	12
9	10	11	13	45	49	24
4	7	15	16	43	48	26
4	11	21	24	44	49	41
11	19	22	23	41	46	5
7	19	37	38	41	42	11
4	9	10	15	38	39	49
3	10	19	30	44	48	40
27	40	41	42	45	46	20
3	12	16	17	22	30	48
5	9	14	24	30	35	21
2	3	5	27	40	46	28
6	16	29	33	41	48	23
16	17	21	34	37	46	3
6	10	11	23	42	47	44
10	17	24	28	35	36	40
5	16	24	31	38	47	42
6	14	17	18	31	43	38
21	23	31	33	38	42	22
9	21	25	26	31	41	11
11	13	14	20	43	49	25
1	16	17	24	41	46	22
10	11	21	28	38	44	17
3	4	8	12	13	46	26
2	8	9	13	41	44	27
5	9	11	36	42	43	41
9	10	23	28	41	47	17
2	14	19	28	42	44	34
8	22	23	36	40	42	5
10	17	20	24	33	35	28
1	6	19	30	32	44	33
24	34	36	38	42	43	30
1	10	18	19	23	27	48
2	11	13	23	35	48	30
3	5	14	18	26	28	40
1	5	10	15	40	41	27
15	20	23	27	39	48	34
16	27	30	38	47	49	8
9	16	26	27	32	34	37
20	22	40	41	42	47	15
3	37	40	41	47	49	6
6	7	12	32	34	46	33
3	4	7	19	30	48	21
15	16	20	24	26	31	37
13	14	31	39	42	45	44
6	12	13	21	31	42	22
9	11	21	26	28	45	49
3	5	6	9	33	47	19
2	4	6	22	25	42	44
6	9	30	37	43	49	18
11	17	26	27	37	48	31
4	7	9	21	25	42	49
21	25	26	29	36	45	38
15	17	24	27	42	47	39
13	24	29	31	33	47	43
4	21	28	33	38	41	23
8	29	30	37	41	44	6
8	28	31	40	42	47	37
3	27	33	38	42	48	32
1	3	31	32	39	49	48
7	18	22	31	38	39	2
8	11	14	19	42	49	24
2	5	17	23	33	47	9
6	21	33	36	39	46	24
14	16	25	39	45	47	26
3	5	17	18	35	46	10
6	13	22	39	40	41	27
4	8	30	31	35	43	42
1	15	17	20	23	43	44
8	10	17	36	39	44	40
3	14	16	33	47	48	29
4	17	22	30	36	38	3
11	20	26	32	39	43	49
2	12	19	38	41	47	46
3	4	15	17	38	47	36
6	25	26	29	37	43	41
2	7	22	26	32	38	20
23	30	38	40	43	45	10
4	5	9	19	22	23	16
6	7	9	39	47	49	15
7	18	34	41	48	49	29
14	15	16	43	44	46	38
15	25	26	33	38	47	27
2	7	25	30	34	36	6
23	28	30	32	42	44	24
7	12	22	35	39	43	13
1	16	28	33	39	45	13
8	11	20	24	41	42	47
4	5	6	8	39	42	30
5	15	17	18	37	42	44
7	8	22	32	40	45	25
7	16	22	27	35	49	11
9	28	36	37	40	46	47
6	23	34	35	38	44	21
3	4	6	10	18	26	14
2	10	14	23	26	31	12
18	29	31	36	43	47	23
4	17	18	24	29	39	21
6	10	37	39	42	48	28
4	11	21	25	44	47	3
8	21	24	33	41	46	29
4	23	25	36	47	48	3
6	8	25	31	32	33	1
4	16	19	22	36	40	21
1	7	18	28	30	34	48
3	18	28	29	37	43	47
14	29	37	41	48	49	31
1	2	7	9	18	27	5
9	12	21	37	38	43	31
10	14	23	41	42	47	19
12	29	34	44	47	49	37
1	3	5	8	13	31	21
2	15	21	40	41	44	23
14	27	28	30	45	46	44
9	11	20	22	37	46	47
4	6	13	28	29	36	9
1	10	11	12	19	27	29
1	3	7	16	17	37	35
6	27	30	34	35	42	16
3	5	11	16	21	45	29
7	13	27	33	35	36	5
20	27	30	32	34	40	9
4	11	20	23	41	45	22
14	18	35	38	41	43	15
4	8	10	30	33	39	25
7	21	28	32	38	42	5
2	9	25	27	31	42	18
8	13	33	34	38	43	12
7	19	25	26	31	44	35
20	23	34	38	43	47	15
4	5	32	37	38	44	34
4	13	24	36	39	41	47
21	31	34	37	38	44	9
7	19	32	39	40	48	45
9	21	29	34	38	42	13
6	8	25	39	46	47	28
5	22	30	33	45	48	29
2	35	37	39	43	44	20
10	12	16	20	27	36	25
17	19	21	30	39	44	16
12	16	22	29	35	40	8
5	9	17	31	38	46	10
4	15	20	23	27	49	25
7	20	33	36	39	48	21
2	10	18	20	30	41	38
4	20	26	37	45	46	6
10	11	17	24	26	29	12
5	20	33	34	38	48	21
4	7	13	15	27	28	30
1	2	3	4	29	48	21
7	16	28	29	48	49	9
3	8	25	27	36	38	32
5	8	23	39	41	48	26
8	13	20	24	37	42	22
2	3	9	17	20	21	11
2	4	20	35	39	42	28
3	14	20	28	40	44	48
8	9	15	26	37	48	12
1	13	28	34	37	45	32
8	17	22	33	40	49	27
4	5	6	22	29	30	20
23	31	32	34	35	44	10
8	12	22	27	35	41	16
4	10	19	31	38	43	5
1	3	15	27	31	36	33
1	6	8	13	21	26	3
6	13	14	24	32	34	12
7	13	19	35	42	44	46
12	15	17	21	25	32	14
1	2	9	12	21	39	44
9	10	26	29	38	42	33
15	16	29	30	42	44	37
10	21	36	37	42	48	43
14	16	23	28	46	48	10
13	30	36	40	42	46	22
5	7	24	45	46	49	44
14	22	31	37	43	49	15
8	12	25	38	45	48	39
5	11	20	26	29	36	49
20	24	27	28	38	48	2
21	26	30	31	32	48	18
8	23	29	34	35	48	36
1	4	7	9	12	37	27
1	8	29	31	35	39	23
16	28	41	43	47	49	21
6	9	13	26	27	46	15
2	12	22	28	41	48	5
11	18	38	40	43	46	26
9	20	25	27	31	32	3
3	8	41	43	46	47	49
20	22	23	24	39	41	26
21	29	32	40	43	44	19
7	15	27	31	35	44	2
9	13	15	18	21	46	25
10	11	30	33	41	44	20
6	7	17	18	20	32	4
5	8	21	31	40	45	19
26	37	40	43	44	45	3
8	12	22	35	38	44	27
26	28	33	35	37	46	47
4	9	17	27	36	49	21
23	27	36	41	43	47	35
8	23	24	31	35	44	49
2	4	12	17	18	47	14
1	12	22	25	35	45	9
3	16	24	40	41	48	20
1	16	21	22	33	43	7
13	16	19	24	27	30	48
2	8	17	23	40	42	25
10	21	34	37	45	49	43
7	13	23	25	40	41	48
4	24	27	35	38	48	44
11	25	33	35	44	49	43
11	13	25	34	41	45	4
5	8	22	23	27	37	11
2	4	14	16	18	19	25
2	9	32	33	35	49	4
4	7	12	16	22	24	41
12	15	21	23	40	48	8
6	14	16	29	38	46	5
8	22	29	32	33	35	2
16	17	37	39	41	45	14
9	19	38	40	45	47	13
7	9	21	40	44	45	42
4	10	15	18	26	41	16
2	10	14	19	28	33	48
5	14	39	42	46	49	17
15	17	25	29	30	35	14
3	4	9	14	23	48	26
3	6	11	15	20	37	31
9	10	15	18	21	37	20
1	13	24	29	43	49	8
14	16	24	41	42	48	34
6	8	10	22	30	43	23
9	13	18	20	24	36	5
3	4	5	8	33	38	14
2	8	9	11	21	39	37
3	15	17	35	44	46	23
9	15	21	27	35	40	5
15	16	17	28	33	44	36
1	11	23	25	27	30	43
10	16	31	36	38	47	22
12	21	28	37	40	43	38
6	7	8	29	35	45	12
7	22	26	27	42	47	28
1	3	21	24	31	46	30
9	17	22	35	38	43	15
2	5	15	20	38	39	35
14	23	25	31	33	38	5
1	2	7	16	27	30	18
15	17	18	19	34	44	10
1	3	4	24	28	36	6
9	20	24	26	43	47	45
5	10	11	12	32	33	39
5	7	20	24	37	49	32
5	7	20	25	36	46	24
1	3	23	35	41	46	18
2	17	20	41	42	44	4
3	9	10	28	34	40	46
23	29	31	38	40	42	44
3	5	26	37	39	45	7
6	25	29	34	39	44	22
10	20	23	31	33	45	38
10	13	24	29	31	32	7
6	30	35	37	41	43	22
4	11	14	25	30	36	32
3	4	6	17	30	34	36
9	12	15	17	42	49	34
8	13	27	35	45	49	9
17	21	27	37	48	49	11
2	18	22	27	44	45	49
15	28	34	40	41	43	5
4	10	20	23	27	45	48
3	8	10	19	31	33	40
2	7	17	31	39	43	40
7	11	13	15	20	44	9
4	6	17	28	35	46	18
5	13	15	22	45	47	27
3	24	25	33	40	48	2
20	21	34	42	44	45	35
10	17	24	28	31	46	15
7	8	10	20	30	31	3
9	18	41	42	48	49	10
8	16	21	39	44	45	11
2	12	30	32	37	40	39
8	10	11	21	24	44	12
4	10	14	19	36	41	48
13	24	25	29	43	45	42
6	16	18	30	37	39	7
20	29	33	35	38	43	1
18	30	38	43	46	47	36
1	20	25	27	37	46	7
2	3	7	14	41	42	40
20	25	28	31	37	41	16
11	19	30	33	38	41	24
13	20	27	28	47	49	15
10	28	32	37	43	46	45
1	10	24	28	39	45	43
13	20	26	27	31	39	12
15	21	22	28	38	45	43
7	15	25	38	44	47	10
4	27	33	38	41	46	14
3	24	28	40	43	48	15
7	11	12	13	35	41	18
19	28	30	32	37	45	44
13	23	28	31	34	38	8
5	9	37	43	46	48	14
23	34	43	44	47	49	45
24	33	35	40	43	49	16
2	25	27	28	31	47	20
16	23	33	36	48	49	37
4	7	12	20	40	49	14
1	7	11	17	27	47	34
3	9	25	32	35	45	23
3	11	12	19	21	29	9
22	25	35	40	45	46	38
6	15	40	41	42	44	4
3	16	26	40	41	49	14
2	7	35	36	42	45	30
8	12	20	27	32	43	17
13	16	17	23	27	37	3
9	11	32	36	38	40	26
15	22	25	26	42	43	9
2	18	35	42	45	47	43
3	6	12	14	25	28	36
13	24	28	34	45	49	21
2	7	11	16	47	48	20
6	12	14	17	30	49	16
11	16	18	33	34	35	28
7	26	31	38	46	47	12
3	8	16	23	34	44	41
24	25	26	30	34	39	3
9	13	19	22	33	34	20
2	7	15	24	37	45	13
1	8	37	39	44	45	21
3	12	16	20	28	31	37
2	5	16	36	41	43	25
3	16	18	21	28	47	5
10	14	18	27	31	48	1
17	29	36	39	46	49	30
6	15	22	23	41	43	37
4	16	18	25	36	40	11
2	15	33	36	42	49	13
2	15	25	27	38	46	33
3	11	15	21	23	33	32
1	12	17	22	29	44	35
1	15	21	22	38	39	19
4	6	7	11	12	40	15
13	20	23	34	38	46	18
4	18	23	32	34	47	44
1	2	10	19	22	44	41
2	4	16	20	25	46	23
13	18	19	20	35	40	14
4	15	28	31	37	44	35
2	8	11	15	24	27	44
10	12	16	23	41	42	19
2	18	22	25	37	39	1
8	9	15	23	40	48	19
3	5	13	16	44	48	2
20	26	35	37	46	48	9
9	12	17	20	21	37	31
3	8	15	17	29	33	10
4	8	30	43	46	48	44
21	26	32	34	36	39	28
9	12	13	26	35	43	2
4	9	24	41	47	48	46
3	5	16	20	27	45	7
6	12	14	20	21	26	33
3	4	6	23	33	44	31
3	10	17	18	19	23	38
7	12	20	22	26	35	13
18	22	24	30	43	48	42
2	12	18	26	35	36	7
2	10	16	36	40	45	11
8	16	18	26	28	37	5
5	19	22	29	31	32	7
7	19	21	29	31	36	42
13	22	23	31	35	45	33
6	26	41	42	47	48	31
13	21	22	26	35	40	15
2	4	15	29	32	40	26
2	7	12	21	25	47	6
5	6	24	29	35	39	44
13	17	19	22	28	46	38
2	8	32	36	47	49	33
4	12	28	31	39	46	42
1	6	13	29	37	39	17
14	20	28	31	44	49	34
8	23	25	32	33	48	28
19	21	29	32	34	47	8
2	3	9	17	29	40	41
5	15	30	42	46	49	35
3	15	17	20	27	43	30
2	5	12	22	44	48	10
3	20	24	26	37	47	35
11	12	16	29	38	43	25
2	11	14	22	41	42	13
7	8	11	19	25	46	17
21	23	24	33	38	44	45
16	17	19	22	40	43	10
4	11	12	14	25	37	36
1	3	23	33	40	48	42
3	4	5	12	23	33	27
8	23	25	28	34	39	47
5	8	13	14	17	30	1
4	8	16	25	33	36	21
8	11	19	42	46	47	27
5	15	19	31	42	47	20
2	7	24	37	38	40	9
21	28	34	35	48	49	18
9	17	32	41	42	44	3
1	20	24	33	37	43	42
5	24	26	28	33	45	31
11	14	21	24	25	43	12
2	10	16	21	24	49	30
12	21	23	24	38	46	36
8	9	13	22	35	36	6
1	2	32	33	38	49	42
9	28	35	36	48	49	6
10	20	30	38	41	44	15
1	10	11	19	21	41	27
18	25	26	41	45	49	23
2	10	17	19	44	47	40
1	9	12	29	30	42	22
11	19	27	28	30	39	21
20	26	27	32	36	46	49
26	30	34	35	38	41	48
2	8	11	26	27	33	17
1	2	7	10	33	38	13
9	14	24	43	45	46	22
4	14	16	25	45	47	27
1	4	11	16	26	46	31
15	18	24	28	29	49	2
1	5	14	27	30	41	3
6	29	31	33	40	43	48
11	15	19	25	34	39	22
4	12	19	21	26	41	40
23	31	41	45	46	49	3
3	5	13	33	34	44	8
17	18	21	25	35	47	16
7	17	30	33	42	49	40
4	18	23	25	39	43	7
4	15	22	27	29	31	47
1	14	21	23	29	46	26
23	27	35	40	43	44	13
2	5	16	25	30	40	19
1	4	6	13	20	44	28
14	21	27	34	37	38	10
6	16	29	30	33	36	15
14	17	33	34	43	44	5
24	29	34	36	41	42	45
10	14	15	39	43	49	9
1	26	33	36	45	48	22
3	5	26	27	37	39	21
8	10	14	16	18	35	43
1	13	16	30	33	48	49
11	22	36	37	43	48	7
6	7	24	27	28	46	44
2	12	22	42	43	46	5
4	26	34	38	41	46	44
7	22	28	32	34	38	20
3	6	13	29	36	38	33
6	32	35	36	40	45	48
10	16	21	31	33	36	27
3	4	20	31	41	48	15
15	20	29	36	38	42	27
6	22	23	41	44	49	48
20	36	42	43	45	48	5
9	22	34	35	46	47	26
4	8	17	23	34	47	30
11	15	16	17	31	40	6
9	10	11	24	34	42	5
13	14	21	24	32	35	18
4	20	22	23	42	44	41
6	14	26	27	34	46	37
8	22	37	40	41	44	4
20	24	27	40	44	45	35
5	15	20	25	28	33	39
2	7	18	20	41	48	29
2	5	9	13	22	38	37
4	19	22	24	32	33	21
7	9	18	22	28	38	26
9	10	12	19	24	31	17
3	29	33	36	39	45	37
1	4	6	24	26	29	12
15	21	23	26	28	48	6
2	5	20	30	39	45	25
3	5	8	14	24	34	38
4	12	17	18	34	44	21
9	13	19	32	41	49	17
7	14	15	23	35	37	36
1	6	12	19	24	31	5
17	20	22	35	38	48	36
6	8	18	20	40	42	36
3	8	23	25	29	47	32
1	14	17	29	36	37	13
6	10	22	30	35	49	17
1	20	27	36	40	42	14
11	21	35	37	46	47	32
1	11	12	17	32	40	14
13	17	22	29	36	45	47
5	8	14	18	43	49	37
3	20	27	29	38	44	45
15	20	22	25	27	41	28
12	22	31	32	35	47	4
4	10	19	24	32	35	1
12	19	28	34	36	41	1
1	6	10	26	31	38	11